site,A,C,D,E,F,G,H,I,K,L,M,N,P,Q,R,S,T,V,W,Y
1,0.0552133838344068,0.04919344721116233,0.05198062653379909,0.046011908950131256,0.048165251001980554,0.05270920463294501,0.05596184695569501,0.04762810341661093,0.05551716216109695,0.04332339667839847,0.05585997723622984,0.05017469027623479,0.053086841524104214,0.052464146672615446,0.05296154314339889,0.04790898685061995,0.04080495474154721,0.047656802038836245,0.04979942460578276,0.04357830153440423
2,0.03045909807024766,0.03881525033873587,0.00319449015223796,0.0357428517195956,0.0263609589038065,0.04495225935905372,0.05978017243739899,0.06318030379802358,0.07250965430521747,0.05837594041582954,0.0639653890619717,0.05427393063537278,0.0403267639594118,0.0063199198138967705,0.014833225621202826,0.09308009494737235,0.10095196980064347,0.018403451331475126,0.017391276895595838,0.15708299843291046
3,0.08813332404288692,0.03750509074588341,0.07986254570540006,0.05210730069214508,0.012870111636492742,0.00188553518197902,0.015972872366019065,0.09879243001883242,0.06248726443954433,0.10011325036644539,0.012012483460888061,0.057220086846498916,0.03531573339507742,0.036834356032769834,0.07506572089766025,0.04405752489707921,0.05414225576710805,0.07643214763423466,0.011391851233842632,0.04779811463921255
4,0.08299764494772373,0.008060095704205877,0.04485482551516252,0.053654508032891304,0.009087231903151265,0.009977236159984712,0.027677740343740896,0.026240130394546656,0.08965330104026178,0.06593465927614772,0.022184394310519086,0.062253716499672075,0.02553761610433495,0.050857359410512226,0.03600879126876775,0.16168030266731445,0.027398818723935393,0.1167508854597839,0.016876015901703165,0.06231472633564054
5,0.12749978422239022,0.06807160720656291,0.009169645535032437,0.009070837751613933,0.14996196155223515,0.03817971720523743,0.10156246445942865,0.03381415603380739,0.00650283536785006,0.1265963118836437,0.017681666442618715,0.006327447915495568,0.021069901024309445,0.051289795023903025,0.0035188667453945875,0.0030582322071858003,0.035183455814871284,0.07770826268106003,0.10881177570558216,0.0049212752217775
6,0.04267468744585358,0.02975717142109952,0.08105519630053452,0.025311403481818137,0.23225713996428685,0.0162398340026031,0.010582657618489344,0.042503423245313976,0.010335804806243456,0.16527273950205285,0.08733007285713859,0.025248637829791226,0.0219243304444118,0.01745484717959089,0.007051541577881841,0.021212388948271134,0.0057403660307835365,0.08018329682634925,0.03625125154123872,0.04161320897624768
7,0.028172145353871535,0.10404037712725826,0.007308030823712318,0.0344476974902026,0.07989288512123469,0.010983517940130425,0.005620083313482952,0.020533029188432472,0.07178226740425962,0.18403900263282622,0.19018086014705027,0.018835371137971693,0.003021374226583996,0.007747291665624394,0.04544221132697426,0.024810876488301114,0.04343233621829674,0.07146693630811257,0.008269579375438813,0.03997412671023508
8,0.03570391459595199,0.07651529457919413,0.009639509087456281,0.009233001465951426,0.08924474171122566,0.0034567649437303033,0.01233031532170203,0.14568071078793654,0.006087269439951368,0.1962984272155689,0.07487082080964062,0.04693515536422714,0.013096089405034678,0.014235106764037112,0.01821058704309907,0.006917033609614173,0.007268712421623368,0.16457670717860717,0.06027510727014712,0.00942473098530096
9,0.02531053275770206,0.05966920771296563,0.03197767724881068,0.021963881860763722,0.06013682910631867,0.023776802125997715,0.024635097457012176,0.018277050909620993,0.012116651435852032,0.25970674986260306,0.01915661401746274,0.042398634930900854,0.043497754046340285,0.01709515789155662,0.01029009727441741,0.015491354615621693,0.04511431729843922,0.14573854848915377,0.028544849663769686,0.09510219129469094
10,0.044815712558266746,0.07133143836032192,0.02252093806470855,0.007350759907683107,0.03422832514542821,0.03271913614820365,0.03286453756730471,0.0923164577750292,0.01322685733045384,0.16571482103006396,0.11380791382303075,0.012882430946020563,0.015018895116432245,0.011600136126310385,0.01858481171622779,0.04564977244454515,0.07075564614726555,0.0623394114610868,0.011773317046778711,0.12049868128483814
11,0.06517484611894836,0.10756355105755268,0.004439278932039555,0.05258190358173567,0.03414794501546803,0.01804139272986067,0.1541562387479742,0.01706484790995267,0.003343429067905869,0.09960875147743961,0.13784815085867416,0.003947791375646675,0.00607976699299814,0.02035002173782106,0.015257434724886096,0.041401198879575704,0.042078659846739225,0.021903987416399907,0.07913902089374772,0.07587178263463402
12,0.1225095931254482,0.16368297725517986,0.009645134706303432,0.006619025317923399,0.1276850975741288,0.003512243646611478,0.005599607685322447,0.10914802252942879,0.004223059903563814,0.08615142121371114,0.008890557197336921,0.028261988350752977,0.009841518278055829,0.007026819208831813,0.012085499541668659,0.054483917085157506,0.03598805315728678,0.09506689944250807,0.0956450106341237,0.013933554146656346
13,0.07301493421021131,0.031101366081135784,0.01130822701267725,0.011159837642467817,0.012543722068658987,0.009937114430982595,0.05841207845540224,0.062292113278922735,0.009636933310864593,0.021553553843104607,0.02561337130894549,0.07234502354940853,0.013942300031632866,0.04434599357054582,0.030240894670332488,0.22529503902279843,0.07366974840535755,0.1819563888968684,0.021536881965788738,0.010094478243893769
14,0.14404928808623735,0.04260805874949589,0.05431681717627362,0.04406804496799108,0.04787341746697703,0.029782610750588526,0.02720718983857335,0.026631457740822685,0.028658082862605228,0.0993176665653871,0.048448691219494106,0.03584182339403474,0.01705530808542335,0.08446080138011682,0.05463785753833049,0.0455753279137323,0.04844577973509854,0.050856696460779935,0.0448836436557138,0.025281436412324113
15,0.0822190599108657,0.028125992409765932,0.023283254070446586,0.023843602243496523,0.020594555006877818,0.06734800013479943,0.015334904423814268,0.05480218183317479,0.0247060195209588,0.008316041401825172,0.02324282508650473,0.020039784526125332,0.0216222670917228,0.016958159972341406,0.00846005938509603,0.056311706562182325,0.30897759579759304,0.15993662230507968,0.02295527647238144,0.012922091844948198
16,0.052807835082068995,0.01419394258119109,0.18772846795454942,0.049007751776989655,0.012112641982244224,0.059834149495348495,0.14937972006924818,0.02997546022643309,0.05388315566104351,0.00530744192944943,0.05203318793110685,0.04963992250195362,0.011257157443280347,0.029489720638510825,0.11761200693207798,0.02165536109975946,0.017552735242496238,0.017143030872644825,0.022022235288346046,0.047364075291257704
17,0.3909888117753015,0.035814312811917326,0.027496050140855068,0.04452668713714386,0.027308226317348198,0.07264270584158819,0.02394699751966715,0.025156259988032,0.02457997285252377,0.014157881936796448,0.045692529341661584,0.028164023985307825,0.012739332683788102,0.020833330382570688,0.012192958084460566,0.05447494201584798,0.02708693027057235,0.04114764708438638,0.03950549042101916,0.03154490940921186
18,0.04930318185564426,0.017836531921760924,0.35241018501159577,0.050927184846062366,0.01497457918435137,0.05188366219808156,0.018666409210734994,0.01358928878962067,0.023927805942063358,0.007726454047369869,0.037177923575762786,0.03816241544323159,0.02053475228388175,0.016704532651067017,0.007866009480919771,0.010884848577209649,0.022490312301152914,0.039653793920193144,0.03373181459517636,0.17154831416411986
19,0.0063143439068270085,0.01702627066821503,0.050913452507602416,0.04560591251622569,0.05844832297877463,0.0035679771829698636,0.033886972324899865,0.01758622782602016,0.09537488167465863,0.05870604713428733,0.06877508461384325,0.06075557939645502,0.007171236848684518,0.030525929277092127,0.1205179527271531,0.06131091732888394,0.12094815353771154,0.11306433910825667,0.016686749802987743,0.012813648638451485
20,0.009883912810684287,0.024301889988152577,0.05893944702673071,0.015492358978094341,0.019893849921187607,0.008381407737721147,0.01988125502484455,0.40753129756229495,0.047113342842748006,0.05657844080023063,0.044285279066336135,0.015382271887381902,0.010081542490973882,0.013879094113181834,0.01942389408216686,0.009349309251099905,0.06544213890970105,0.1018974848952766,0.025709113438950153,0.026552669172242884
21,0.02631515828896655,0.520083386921474,0.017924410563700564,0.01697525232023252,0.06654452903563415,0.022691081255798773,0.01663307727707722,0.013415241473574131,0.017669402908374796,0.005165357133139226,0.03043480580592681,0.01243118612536131,0.02521245493433249,0.02040765182786175,0.04616764091406068,0.021034447861661136,0.010154762374813104,0.014573078054999695,0.051913766296029486,0.044253308626981576
22,0.03756330613469922,0.022071902376897448,0.020490111141203905,0.017316314868127323,0.01737692236903056,0.017747609447812347,0.05261239500363224,0.5088276506513606,0.05099342442556001,0.020818891666271325,0.04358544179574139,0.014829047409492346,0.007261320114945859,0.04509786876141469,0.00906970938280488,0.00950387316982069,0.01230503803313096,0.05767482251725913,0.022186530483408025,0.012667820247386972
23,0.02022413442362805,0.05495492838194839,0.0503750163331068,0.022603145983354427,0.01946968961436179,0.4840399352582012,0.017599768675762163,0.014651079646826076,0.02210855529842991,0.03782555517489781,0.03900357178727444,0.019574202856877436,0.009061097363138725,0.02222458901351114,0.017415051001824573,0.025222601662868542,0.011822827883639739,0.04649899752616154,0.04545165261008571,0.019873599504101513
24,0.00896194992915187,0.03380214574891737,0.019670255664828835,0.007707336700679966,0.16046289525173124,0.004062096539750318,0.04626335526555235,0.007955078341454353,0.023437276868108394,0.002302394946998954,0.01738217640955138,0.014567308443755436,0.0024813717889252056,0.02697101451778542,0.02496372270102247,0.03900761452076862,0.29634945704141136,0.003308408592288954,0.09472678716972656,0.16561735355759097
25,0.043331258267184376,0.05462944228942106,0.027668801469910454,0.029749641001478894,0.008942825471202245,0.003896519750428959,0.22008139345986916,0.05018345146783662,0.010383765844945691,0.12015490196640877,0.015589008577885389,0.052740465846245706,0.018718117886297427,0.1414584860147763,0.024988511912660858,0.026354485034415315,0.05091827713250632,0.05284328685310424,0.01402951755460223,0.03333784219881996
26,0.4378029116075178,0.01711648082246566,0.022593284979900402,0.04957871441862274,0.024106324757589007,0.03113221859312787,0.015311336515805308,0.03475930243298747,0.016174092002106462,0.007921097589832164,0.04210463272651301,0.11890861018176649,0.005261719658712864,0.01470916312631166,0.01854362249553289,0.04715821453611917,0.03619528097664796,0.025000430030765255,0.01846341358396437,0.017159148963711464
27,0.01712882807417489,0.013849368670690445,0.05086995035451307,0.021590750079289074,0.04095804962566543,0.010941946174236933,0.015594070802438634,0.011232965710966684,0.04974748080467332,0.009473949839776242,0.024518133293366117,0.5885709557380339,0.006914751509566575,0.018061421745709173,0.006086233871994479,0.04991611385408832,0.017512703193673228,0.01079374934815034,0.021524941660407824,0.014713635648585433
28,0.010160785019902202,0.01863417093663231,0.030796299202956828,0.02895889843686706,0.020565442897728155,0.00885617909189536,0.015200124715893616,0.0265273827429824,0.02810870009387274,0.008252364911049703,0.035226035359394677,0.6008942667075678,0.009098490094136661,0.01331251785053349,0.007794215654073334,0.026326558419525317,0.022410018335879096,0.03661979262183639,0.03214005093079702,0.020117705976475764
29,0.11058826766634988,0.03624143685511443,0.011471540984383046,0.0061546682342946656,0.015105758051759375,0.024157113649968445,0.012245823401032776,0.00816817234176961,0.05577208519068336,0.01264008085060238,0.0705333537065261,0.12523448073550666,0.02171815778659847,0.025694043336914472,0.01464049224567724,0.37307638620352984,0.017754885727642923,0.03260459010765876,0.015535538153680795,0.010663124770306833
30,0.020156266702980815,0.026469319794302185,0.030467607089230478,0.032958205996898644,0.016051390946459933,0.006954068693287776,0.030744271949972164,0.016303287676401396,0.026789330000173243,0.012071979955695132,0.028048132017740233,0.08594154601367256,0.06046036153232947,0.014423161554711331,0.008254049055286424,0.10887539749082586,0.41504509783785154,0.012076749680015323,0.02809551101352649,0.019814264998639062
31,0.014237605156985148,0.011793196562111603,0.2811077900031475,0.17278286231394455,0.013181863440928617,0.009763470135243766,0.022284577830355576,0.007474576964356831,0.007603153658352335,0.02289153245370345,0.024267202070047914,0.021709414069358238,0.006562927519126279,0.047076401703244106,0.015569421777099489,0.020147494281841902,0.2079415567493141,0.026902044677561583,0.020890088779363,0.045812819853913944
32,0.01878799653442836,0.020444732302986428,0.013895501644978813,0.05867553087341083,0.01736543340346672,0.005375869896035876,0.011416937800317188,0.054800501450185245,0.019857000600977615,0.05489226210621638,0.05392990646311043,0.033316057463536115,0.02432222897114708,0.09275257846954944,0.13230962915781613,0.04540673324948364,0.25029976202950444,0.05540630702425328,0.022540341081345797,0.014204689477250208
33,0.03458263193955043,0.0722728739740055,0.03953998148443129,0.016580091686507835,0.03402884747337488,0.01642924752166475,0.012887875928984778,0.086724888480822,0.02006517206944805,0.013437947020729694,0.03491418523837848,0.016179387374987458,0.011473027162529723,0.01322830035405446,0.007573228226279744,0.031692391908847234,0.020886769783751463,0.4773973925215787,0.023933048604721334,0.01617271124535228
34,0.011159890584120797,0.021882241061265784,0.4456928495304771,0.05740653438667261,0.01986638062780893,0.07339802271275091,0.030706106724630616,0.012912422462976577,0.015193495659730013,0.01285988621491757,0.03616828512647835,0.04436268112195163,0.014241932078531826,0.027523406503623324,0.009952722855938009,0.0193614618713368,0.061570282816241786,0.015327708768291919,0.02457938613492037,0.045834302757335056
35,0.035455439567840884,0.037872564192203695,0.028372422661917387,0.02962800821681651,0.018305177562707945,0.010538247385608426,0.024901594731984587,0.041848481909452485,0.050576759874962525,0.019770630774312684,0.027908480982176034,0.022759928681006715,0.017650043957543368,0.020884468280955807,0.026291175632775117,0.01747235545750905,0.5015940677412872,0.015545308335109715,0.03032441852370505,0.022300425530124717
36,0.02311400581974932,0.023360415027202455,0.016896164060516423,0.02021411944616611,0.024159973179824778,0.01080241511180742,0.030427305832947678,0.4139763362554304,0.028866293282316404,0.07831352311306744,0.025463135731209674,0.013966188897225305,0.025651351661475256,0.03351986670818914,0.020872365796120035,0.015528783017805392,0.1194805212910177,0.03845128259487105,0.02125412553473584,0.015681827638322158
37,0.005522600629728291,0.05935007076014681,0.015977393151454834,0.011432137028421635,0.041695899590245215,0.010851786032701967,0.014459179804711005,0.02962977031086109,0.011478854320654836,0.08719362917646886,0.03537114637899081,0.008797193260166506,0.006505039967401044,0.0520153365795003,0.16442408508709752,0.17806354603997154,0.20358760274295806,0.005579525940381018,0.04525313853256499,0.012812064665573672
38,0.08245572715726802,0.019729925566412655,0.05248742589636713,0.2312320330567582,0.07118530374603811,0.01978347939837648,0.023266175880369413,0.010620159415937894,0.03175571983715546,0.0069380895760574,0.02277778702266294,0.042323325577951494,0.009133895091324569,0.2576790656226448,0.007213039998466247,0.010587880689857448,0.00852885655268886,0.049586556066359366,0.02595127244915045,0.016764281398153034
39,0.09219634690872487,0.01697552012358666,0.02076506420767696,0.05880052257027031,0.01652300455800121,0.014426132073866128,0.012515559677629368,0.01761475774785253,0.219233154527539,0.011797065974867155,0.05001776960691413,0.0506934016758019,0.007039263851844382,0.03180366710993413,0.1782519029664388,0.008608117392965478,0.11947998454387983,0.017887885663913198,0.03290067863042046,0.022470200187873483
40,0.015789393098417988,0.020245587017143542,0.052786287935289646,0.02306372183140506,0.02808042687548523,0.025981902447651247,0.0303299951707172,0.024817939341822866,0.03532850117895445,0.007384036156403291,0.02659608620691011,0.40370341819552014,0.0078002175098256035,0.09379812704538297,0.010327508632045401,0.04153635115172706,0.024256228353793787,0.019658765496075058,0.04373302975278103,0.06478247660264833
41,0.04399573581710334,0.027450830860312095,0.022594833877216378,0.04509193261418157,0.02064508716678443,0.04978241250282803,0.01994828538051207,0.18610822885974868,0.01892474308476139,0.03752677451900457,0.05393612465596807,0.020715754603023676,0.03775276099654755,0.013652927851718866,0.012997662029831724,0.010460970713355902,0.013304018177897097,0.32341279098598325,0.025882790621622208,0.015815334681599114
42,0.15258995110142534,0.04792680598370081,0.04452939821543317,0.04824774127480851,0.03878029813015202,0.03437499443817576,0.06560115677775696,0.09141822138419832,0.0332652030436537,0.009649080170772152,0.04858353091727402,0.042639874094362665,0.04231180328072659,0.08130655019333156,0.035542622758627906,0.04168295869806921,0.02152797205965214,0.042909961669953076,0.04551686184634493,0.03159501396158116
43,0.049579245078624344,0.054592523895280264,0.04192836350121128,0.04182015247763542,0.05425244794869183,0.017016417253795334,0.05864905733727017,0.03934070882042601,0.04109943429335073,0.008843814345919493,0.047235569636068196,0.0471890023073412,0.05137164872739179,0.04807916900714255,0.02473094264230117,0.03449887981560506,0.029677930703153003,0.21642416128219802,0.043961988813946064,0.04970854211264806
44,0.04550820604273499,0.018679014739803265,0.02620082776454509,0.028509099023604115,0.021111017209697235,0.015434178846563368,0.029439969441095008,0.02189043578603984,0.03853007892627968,0.015206124449719045,0.03261445493963444,0.025516841099592392,0.020071109593603528,0.030035184200318532,0.01520341956719597,0.035445641094912855,0.5021358861617067,0.013434551081920463,0.03588839725339367,0.02914556277763989
45,0.025816263692541554,0.02290755196417345,0.07268679659939367,0.018141993680771712,0.02263251153801902,0.048610645436699663,0.38270189966132623,0.01829701394134151,0.020271741524403884,0.012817723543016324,0.017750225922935164,0.042998171325892114,0.022451766864536798,0.04913064127215479,0.017564356828115052,0.11825010544139841,0.01783404631055884,0.012299051061901543,0.03158782589866655,0.025249667492153786
46,0.05241619807480975,0.026091939203762973,0.028221716848542435,0.016776679105039317,0.04814352983806486,0.02585696406840712,0.040670622970241765,0.029101003919152015,0.024102210072849056,0.04020482377576191,0.03763905028721596,0.023555307235761946,0.0306401861257963,0.022210397326883,0.020905026434118835,0.32481692753966684,0.07409504707494996,0.027433867103853607,0.05675445499604031,0.050364047999082034
47,0.06950644689551284,0.0362366136810092,0.010705564396851953,0.007688777777807652,0.1336908541675784,0.005422231909969698,0.048805463696126164,0.0455911347658,0.09316869819841794,0.024739261360069653,0.04312609526684409,0.006944561399632554,0.0048193976455748674,0.07766609170261254,0.022220642768904605,0.006081926845462433,0.053956204950763524,0.20207665181212536,0.014772161567465915,0.09278121919147059
48,0.023620450050239206,0.009794654660725701,0.028991345521650044,0.01749047689589835,0.03372278881238514,0.025654526904048874,0.012295358652314053,0.01526972366858491,0.03484634278046144,0.008182518446190706,0.02290121882627343,0.3710219812492738,0.016266231398227065,0.014911427555110822,0.0200716490363106,0.13762880338152808,0.1018236459990808,0.03407483723953552,0.050055962052227905,0.021376056869933505
49,0.011041942813651468,0.02368747052509824,0.021691790257742774,0.02001331859309285,0.03579761864242456,0.009667172379769924,0.01480422972893172,0.030626845743449177,0.044573517403256845,0.5246327347089034,0.05936987331982727,0.017119440700239547,0.019003153031804908,0.018936549263306533,0.02004006974453052,0.008988302664065634,0.03325181701657767,0.010279871216385218,0.03151324965276342,0.044961032594178364
50,0.018676228401882433,0.048196008297538166,0.01646633753456751,0.010818908054713978,0.055390049750984986,0.009596309539298627,0.03149650903263155,0.05149078893708564,0.014569522314911373,0.48241952116433556,0.07805207990673323,0.015441247116306457,0.01659006697470583,0.013986664082049374,0.005906281465113562,0.016093324102237586,0.007340824232324867,0.04935513441875657,0.03647642512245074,0.021637769551371908
51,0.31438279592859675,0.03833005410964549,0.010585986633633323,0.1498350948339108,0.010457710458110257,0.01942455562740441,0.020997317202975603,0.06892686428327915,0.016327721383993417,0.004395984620813769,0.026946734330775667,0.004794020381172081,0.002338732246419898,0.08760994963753392,0.01108747289453555,0.00877307897477533,0.05912919103062953,0.1196372942812928,0.006698749254822486,0.01932069188567972
52,0.18442522824397603,0.008064492603086585,0.09316616727712428,0.08758868501783461,0.01021023185440802,0.12948833790947373,0.09148042603331416,0.014039639498527077,0.04005439534433698,0.008196077634786938,0.018039884129386258,0.010173117394399897,0.0014494950528269497,0.033228183556728685,0.04732202042136346,0.09539237855722289,0.051243961862304115,0.027370209179491293,0.010918068372101202,0.038149000057306884
53,0.04770645230333606,0.0035332843580639876,0.026350784293348237,0.1714156222753495,0.022453598089253863,0.04177627258667002,0.030215209856351056,0.05262643596373065,0.025091573028718842,0.05155965633399082,0.03123215279668525,0.026175220748591146,0.0012699502138307998,0.0525935138099527,0.06688714450960684,0.05876321173026372,0.17659442253170854,0.04596327157107112,0.03589761622675848,0.031894606772718354
54,0.06431213711435844,0.04380609710625581,0.01255351291155742,0.012487793875573229,0.009294392812750336,0.022112837499964285,0.31125201667844166,0.00715909931122397,0.010845822644987072,0.006452237574334859,0.022764200428487123,0.054102107282545185,0.032577414401126464,0.029778539103723682,0.019477708980986268,0.06698164595092654,0.19861717399476966,0.013445581147555032,0.026640909717601722,0.035338771462831216
55,0.02891583960703384,0.019818125597505083,0.030696863653361224,0.016733709208052717,0.015716872916554492,0.013823615584921982,0.03543751150429766,0.036960845019631865,0.04579955750289348,0.017631888250640926,0.03545879579432804,0.4396449680872358,0.007395529381794266,0.03392003601743283,0.01642741844403113,0.05144289728795141,0.08637967023105328,0.01210449684693615,0.02817232404619248,0.027519035018151367
56,0.047183587339943024,0.024534472611032584,0.033424892064797915,0.10010098250131341,0.05231937981893818,0.2755029309214215,0.014584731556572582,0.011949490301096554,0.05555559550787018,0.00777805373497319,0.02738477246370685,0.01404649051381089,0.014674337474906034,0.023399957021896525,0.013254726564561602,0.08882626451315766,0.024524492739784236,0.028358505912895633,0.04050233408907108,0.10209400234825046
57,0.1911886015973632,0.03960619857038135,0.006839245078776064,0.00438370511335099,0.030324019829455567,0.022033481442081573,0.08930810126232454,0.0034808405991985565,0.0861710265041978,0.032610310551632826,0.11682629513062943,0.02375966175949748,0.013215998717976163,0.04435798322645507,0.015827331225520696,0.008391328955290185,0.010659651394626152,0.04929499553380313,0.13447526777714897,0.07724595573029024
58,0.01211384640502417,0.01804652666827069,0.015838548899002013,0.07017886894542828,0.017308201753139376,0.014503314989024721,0.05509312185078079,0.20876281863721793,0.011066493823533134,0.3663208904551579,0.02245453590606383,0.01216258969990884,0.03296529648805353,0.027932578901565433,0.0076723109524643885,0.020807726564066722,0.005717070713804531,0.024159093288697205,0.030098129280662578,0.026798035778133965
59,0.020837151862934188,0.5131724143930344,0.02039063308954087,0.014915408199065458,0.09371458011974855,0.046689925718391624,0.01847661709427832,0.012754832721355237,0.013752984241633877,0.01911403990607873,0.021489691537932062,0.020369816924223672,0.018839479830916953,0.03324683197472455,0.022029557611797493,0.014440231502174728,0.012354194657291897,0.028981769505732252,0.02035603153142951,0.03407380757771559
60,0.06396513901453667,0.011829699703078468,0.022763516614059953,0.02298107623918901,0.17172474752767874,0.0030425193897000167,0.04032970840864547,0.006472105094785523,0.09437064535375708,0.06785240531130249,0.05268428880787651,0.04938441804390045,0.0015794790084703472,0.043546869190070746,0.07136982808134446,0.06493370018848496,0.033030076266307884,0.0013230536434547906,0.006585439052134846,0.1702312850612216
61,0.0037111115480222877,0.0073826800615178784,0.007357537502947362,0.018225424705931324,0.05624814197956619,0.0031097741932388013,0.015774592681953477,0.21631930200534844,0.005513135665282147,0.27720320624878614,0.07776283713218211,0.017388571494726328,0.012676832522604726,0.0074941789858135295,0.006154196258171395,0.033954235902612734,0.008629197524896232,0.1764278428975226,0.013527040834266589,0.03514015985460971
62,0.05652600202577125,0.0042771785931909915,0.1390038001551964,0.06727860517731786,0.07598318810989367,0.024556235898182958,0.16157325676931358,0.006315276569966971,0.09367250702247745,0.02874551222391407,0.02869134225741203,0.06749661719122618,0.0016272665221500784,0.07922166423053456,0.012909725421028863,0.03227336853047432,0.00802479957258565,0.00932724684024166,0.020500970185333704,0.08199543670378769
63,0.011124080362209481,0.02076400660353892,0.035386673750628116,0.05128800887785823,0.0785013327531775,0.26088589554433206,0.06165693136467384,0.019652142484003435,0.01917276658191054,0.009774093320713098,0.03415132213559381,0.12797356142939673,0.01878898275904286,0.04369565335632942,0.019404912389599273,0.0934153616804196,0.007998682147819052,0.04595761056964714,0.017647803253953914,0.022760178635153058
64,0.054826742651329745,0.007126376240782859,0.02015004337662566,0.09541932785021959,0.005964604306032564,0.022239567872635972,0.05824319365247186,0.1153706889893519,0.08924144935792015,0.008678438656962493,0.05852065759821322,0.06966388137367553,0.002991575290126176,0.018018865017059533,0.09026409393485012,0.02607332792001305,0.04326643899642152,0.15725696503180947,0.03381435769603799,0.02286940418746063
65,0.0834064295007202,0.0050915061703256555,0.05326956731139726,0.18058463537338568,0.007305197855226507,0.024500488556600263,0.02399157502062079,0.004504108640485665,0.12888225119055527,0.007457573546870501,0.08617035674977186,0.040924227071643796,0.06708940995426238,0.02635423789979798,0.049314233224206014,0.041873051950885296,0.026147712647964665,0.024976200723056553,0.027380965999206672,0.09077627061301702
66,0.043582713049623814,0.020518260757793432,0.027428905230077134,0.02115959669366094,0.023206167799147265,0.0111646428733288,0.012583284736640441,0.018798821976521222,0.02505287175302953,0.03877201355270507,0.04158259906295009,0.01608002361827967,0.5269200188146066,0.029450839118189846,0.016384058080240148,0.026359477645191635,0.030456877710514686,0.016642296223532072,0.026933024875743717,0.02692350642822397
67,0.020320023186374922,0.02405878090938761,0.018798692033432946,0.01754848619193248,0.08823143458896647,0.009239466318464569,0.01195387690143775,0.05751204000829677,0.027127044374875925,0.4525377640561048,0.035308440933661006,0.022864774877984367,0.022225361520494643,0.039338860296338166,0.06183962320579358,0.010498126720332627,0.015171781462133908,0.01691872651365401,0.03118422234558491,0.017322473554748585
68,0.057014011220848815,0.025638538078451904,0.21193237771258158,0.07895827042850342,0.056877996901227565,0.04656749792628492,0.048957223850442766,0.11004391576139362,0.014410950936215548,0.054613839920114426,0.012533817341114403,0.008323792245558143,0.021613279395927075,0.04398772094624786,0.004649217669566321,0.020442425225890053,0.034557400020089966,0.07022900195516331,0.013097287758885875,0.0655514347054924
69,0.01134231636905983,0.02995822865061942,0.016121543878595348,0.02146159593948431,0.04954050461275765,0.012963373280394782,0.015851574760385127,0.012882676295303947,0.016916405035301486,0.5643512409357422,0.059144813046269555,0.016885644266635854,0.017418115462800293,0.02172424789255965,0.01572302413341642,0.010157615785435909,0.016760807856390805,0.044911441446111186,0.031152508276763552,0.014732322075972644
70,0.05807169102645754,0.008550619766241456,0.06211211827873045,0.16142590270423515,0.010134326394179265,0.1823037348570062,0.07831077023479982,0.011480097134568703,0.035563013647354154,0.046400122750554045,0.034618101220023643,0.08629174664210065,0.0018694130728729931,0.05908232983906196,0.029743485138559574,0.032472832819090656,0.029174624507453364,0.006897954014274677,0.0184804342337655,0.04701668171867015
71,0.2924356814921123,0.005978160838938131,0.008015463554454363,0.16916373834439,0.004427630399553919,0.018175136713287406,0.04852549187587109,0.02357182633074857,0.03659624519189823,0.026765047611291955,0.04662994151306442,0.011388690261826198,0.004639642259036701,0.021711940718321877,0.07921374356162587,0.03980340153199021,0.03535197619196804,0.02252124913883888,0.05306014431520916,0.05202484815557259
72,0.009685353574883388,0.5569490484705895,0.023706141249261868,0.023281482423306174,0.06694884731437217,0.010489259881420967,0.014524497567461532,0.011816412532136007,0.016040671560208546,0.0382067018101033,0.02555903230265423,0.03371604406082286,0.006735838006663865,0.01081422665698348,0.061560871980303696,0.00982743648743324,0.007565468914897259,0.009184442959675949,0.03598006681694383,0.027408155429878248
73,0.04590870054662768,0.041603990327919727,0.0197375503837217,0.0393135926586309,0.007493859792606444,0.1462725816413273,0.020226198031441704,0.007140782077945653,0.028506139106529913,0.010207749541876096,0.017657266562374506,0.16960853554348665,0.002156479376215763,0.08959059824751762,0.01671338488679624,0.0833424708600876,0.23145857356116017,0.003256979389871446,0.015957345892356867,0.0038472215715060053
74,0.005467506741110106,0.009482950421779712,0.008126658226957338,0.010828451318468102,0.11835164536041039,0.003996817065026727,0.007241000194381102,0.27716246622644686,0.008559830027535327,0.2557096659903397,0.16331296940097545,0.00996539396416381,0.022558618481583814,0.006655209003417609,0.0028176160094322694,0.003403995268920877,0.02335468544754964,0.04142603926696918,0.016772581535389634,0.004805900049142387
75,0.13754695659230884,0.026093193896849068,0.008613761034119571,0.015944337989422283,0.030534888516348294,0.04469269545317572,0.029140927454964088,0.13461321649814237,0.006474060216869261,0.05388694482045797,0.09792226878518687,0.020275088651400885,0.05847256981478297,0.015083298366682013,0.008904330819356073,0.025943380058281236,0.18576346890710735,0.054144536251740524,0.0308956933959431,0.015054382476861566
76,0.14950850314954822,0.015727176675756835,0.013525278869170853,0.04758302565942395,0.018417842259253855,0.4757389048186058,0.02073456849326461,0.011056674990641417,0.02012206931678402,0.01128014995873334,0.031605793834274636,0.015949770268171286,0.008458445558584929,0.020369403465256133,0.026770395506077842,0.014595694492974744,0.010803891849552317,0.0441839802684731,0.026789328922303526,0.016779101643148654
77,0.014541653679015052,0.04330375522203153,0.023417108981568326,0.019228710381236927,0.020051440084540566,0.03625775807307697,0.016652303989604496,0.01313562115426858,0.025537736854957596,0.05964164754967491,0.029180293295424178,0.08278502896704744,0.009783132320810078,0.016484623044138776,0.02592099376837847,0.00954149200365885,0.011996841040306887,0.02471348769162119,0.49481051870457415,0.023015853194065027
78,0.009009919430839421,0.019023732225625554,0.09257463737883152,0.017343850856268064,0.047375059847840295,0.007182162189947172,0.03976790960175491,0.04718028211657841,0.01800537230845185,0.39117991209306047,0.056855232007757786,0.021445320769512066,0.058364915748179626,0.0177509216340881,0.021999498179761833,0.008356339257597954,0.01030583437251191,0.07500620082822812,0.025471498329716274,0.015801400823448643
79,0.03711925829984509,0.03125976748243973,0.01064870413619334,0.007912057917256259,0.015216223067264596,0.004958300278559421,0.008645411360110907,0.12909863387062265,0.0070109259206757825,0.3908267120695468,0.07850503080330946,0.010504639200964195,0.009733459406387738,0.013071139493810224,0.004705634545270048,0.01516769912690438,0.03128986540705381,0.025781710028587423,0.06969699448562064,0.09884783309957756
80,0.08354065286984104,0.01624405857918745,0.013293956184296218,0.031607730264003674,0.009864696069483604,0.5355156956101755,0.01071631415066032,0.012979516497520459,0.06361330513689226,0.008458246391189979,0.04090976278028839,0.01696270982657742,0.015126634820215642,0.0149742757685226,0.033036367984276255,0.005283113961984032,0.008629863764279062,0.050038737150455176,0.01882828879773689,0.010376073392413877
81,0.023086775313722257,0.009836070472690635,0.041912905849097355,0.01525830713459556,0.010400107374509894,0.01798162594744177,0.21104633255943622,0.07169610211694832,0.01810142177752006,0.0057741612229474425,0.01974887418128371,0.36570879184627636,0.004094121519456083,0.025956723631997677,0.04210827530078949,0.05066163509308184,0.011201834031659365,0.020850439949592424,0.020720548556555703,0.013854946120397805
82,0.028470510982807336,0.018102604097745573,0.03710925545096403,0.031427541746503064,0.012638575881674885,0.013368855757939415,0.018793894723875486,0.011509150060016068,0.013996224652640327,0.03211790774886498,0.015369836132841198,0.012257674636446624,0.5884742890173731,0.029195023652660784,0.006453055833641471,0.021370389780350524,0.03313268044569743,0.0437018708239301,0.021180165536725307,0.011330493037302294
83,0.07060798701157543,0.015144582099389077,0.01657944549344932,0.18221285619021718,0.042192796992477764,0.019653003908508885,0.03393065262955115,0.03372504084664572,0.03133027357605541,0.039552452297850746,0.0666412740347001,0.05159480408631441,0.002065472724382615,0.059927333511275244,0.0023588087186720754,0.029297546655684174,0.07428072238981935,0.005029988889702839,0.025291701002050825,0.1985832569416777
84,0.02426445617719336,0.5213996540709134,0.024012882336300497,0.026136946161447218,0.05032969708397316,0.02286281119444045,0.01754231517478195,0.011862564302165958,0.024585342950616897,0.00748197568494055,0.027637568626901855,0.018727861859813892,0.009024582216756881,0.02287620610746837,0.026829953317563802,0.01046585894430809,0.04054405140732342,0.010889503856763216,0.06085449525434528,0.041671273271981675
85,0.03609309631097515,0.012548598909096265,0.346612370850175,0.20389379563249121,0.010253102770615993,0.04469068808820768,0.031883405675458665,0.007995116027818048,0.010710792874488863,0.02468525050562883,0.026959312408121366,0.03739901800068644,0.005430264863338193,0.012002415069438385,0.008638759540569604,0.026118780225980423,0.029572590276050147,0.04639719959040105,0.02213756208373087,0.0559778802967278
86,0.05330799155906919,0.004536419017921782,0.04497813266290865,0.020365037074555878,0.03511953277004179,0.056245418881227485,0.160392892973165,0.07302224272549518,0.005311145086103734,0.03149816823490078,0.03905249267041215,0.03714836376132592,0.05717933800223224,0.04844748616679721,0.007225177619186502,0.05889722900102003,0.05539047171755188,0.07742932500838177,0.04028408865842531,0.09416904640927753
87,0.009444219671079172,0.030725136381583473,0.026781574928924915,0.020424118065101596,0.02185344792578801,0.007613935274147795,0.0167054625429603,0.2553234058042535,0.011061640909156092,0.35840446168687023,0.04659623602799896,0.011988308070083175,0.017980539033490943,0.03766212683140342,0.007675487856225874,0.0067466968146224215,0.033415867453665905,0.0474195212430264,0.020926483624784067,0.0112513298548337
88,0.0570314806625758,0.014750800798303475,0.0312022574037316,0.011233532632158393,0.075492862315877,0.006495748923751274,0.011452880864885367,0.2638901412953324,0.010673401336201782,0.1589241275017255,0.02553929866778862,0.030679096124839298,0.010501508523022217,0.07561880007216827,0.004364082095237325,0.045423305623148565,0.023706666531052484,0.07757264408395284,0.04559127029702949,0.019856094247218355
89,0.0298990819900942,0.0020041450944546725,0.11791313070190632,0.1501234722277338,0.06632681547755181,0.03565067985704137,0.012507483774259587,0.044840069312199464,0.027625440318663975,0.07292157782703496,0.06143289064617793,0.07461925696132117,0.05063092638348809,0.02022593410637511,0.012569101115053896,0.06323589163843583,0.042226183263096684,0.0415554516524556,0.03774187383788315,0.03595059381477238
90,0.027690338546615293,0.0018020862415281918,0.011637255671184598,0.09109584160842765,0.021382290968533897,0.008994661169174776,0.07992212233573429,0.25699586633954663,0.02806318980898629,0.021465362099764216,0.16213169449440176,0.029066572854096397,0.021824549950753537,0.006545569068754508,0.01685333376298467,0.16235696678959688,0.020707114148800148,0.015712125258754758,0.006297549338965817,0.00945550954339567
91,0.010032321568148069,0.004630543846072713,0.024477092658365063,0.003047017581552167,0.025481455237196936,0.0408617237559576,0.17252855580951595,0.02682413185110638,0.12148479617411621,0.039533445053160844,0.1966700886560343,0.04288750317112422,0.020420223943372628,0.014158252423009523,0.05052165053122314,0.040926614705905126,0.04458836788985427,0.07636928591072618,0.0040166899760734395,0.04054023925748525
92,0.06411956133529756,0.009410094172972991,0.033265042864097115,0.022732478208915968,0.026522122212174492,0.04521425539452672,0.03438106148623674,0.0380094010658247,0.01992323804231937,0.021880706812146412,0.1080814631227156,0.12714820896031126,0.03234812193690897,0.10212127733091765,0.038673061521299026,0.07615395241073868,0.03209116137500233,0.07715678361864756,0.007873489434378452,0.08289451869456843
93,0.012028725586294317,0.008289502380655327,0.018214050936594554,0.02092258134175393,0.24254597255077714,0.026823263190505566,0.017924804801122855,0.009273123329809283,0.016131494319212472,0.0904281011697788,0.02375562525915017,0.02020123961336833,0.00950668160337294,0.06781392684574249,0.029573797378858045,0.0073402254247384,0.012049712538531963,0.024711537380741437,0.3270036021004226,0.015462032248569346
94,0.26390705248228813,0.01568749071649242,0.013705699922784979,0.010320692070758952,0.03249070550826883,0.09479077668065203,0.010199836180762714,0.008651163730223626,0.0077840849943010635,0.017693876520050722,0.029743524953776114,0.009619709221395125,0.015777566286188663,0.024035824318576492,0.012659184573396653,0.3256168305342716,0.02809070276312952,0.009547645477256032,0.02666444789556507,0.043013185169861246
95,0.016568897990236163,0.05767918703105785,0.06096457484583716,0.02257966194045691,0.0422663894453453,0.007941963086129891,0.047790993467411544,0.011410766868217348,0.01620979287721384,0.006225077331676543,0.024060952064776257,0.024825462061171213,0.008485608454256768,0.01501293183733378,0.006970105551739918,0.023853869377724487,0.01902372632342711,0.00857205048667932,0.019908426909262533,0.559649562050046
96,0.013411601353661377,0.014405856721372894,0.01550057017108876,0.017922802964284834,0.01904738654602301,0.025844345930378505,0.014028493152688492,0.5543358518250906,0.010763489964085576,0.02612026876391745,0.021723435459422014,0.02326585924225043,0.009195811804564488,0.05108822921150229,0.006141319415894587,0.01571729582343358,0.01588597816309257,0.10767374719890083,0.02427664901894829,0.013651007269399443
97,0.043431409630836304,0.04212080537991369,0.014133880242745011,0.043281518794953434,0.01183741612097995,0.016708793932950983,0.04063169448095768,0.02704074229656654,0.022309417917496438,0.018206924008164562,0.03816028075206521,0.012407661339949241,0.016795985838705996,0.01342597072778357,0.007143531009851962,0.005871143331567204,0.0492194532200985,0.5361009767122575,0.028779943464522086,0.012392450797634092
