site,A,C,D,E,F,G,H,I,K,L,M,N,P,Q,R,S,T,V,W,Y
1,0.050326359832798026,0.05384124636824305,0.04704390507441356,0.045281709271451344,0.03989843602809759,0.052518897504310554,0.04961331717133144,0.050605934502933964,0.048344475319922926,0.04212838753190616,0.03853598277157494,0.051077017345704356,0.049297979519244355,0.05585163484061197,0.04721941064328164,0.047353986979261097,0.07246007687597175,0.057157279169138146,0.052029274816794154,0.049414688433008974
2,0.01109602481083082,0.15723634220817886,0.002186420658430464,0.011478887472105032,0.06685405136620136,0.014448931783155263,0.004734982813219021,0.06129331411658023,0.0494346691624623,0.05073600108853025,0.007768827133998658,0.13239490737019582,0.04465555193917938,0.050776143557289974,0.03417594893558834,0.04330145013988442,0.06228272731827169,0.14103176694980735,0.04445972062481092,0.009653330551279858
3,0.111816295402017,0.019097439806545612,0.010457870042600325,0.0494141881164801,0.06913474983607587,0.03789341346268707,0.06853929954749423,0.09662254360510775,0.019423725288814295,0.02113743976370005,0.021961883918400815,0.09960881036305358,0.05411199866462824,0.052484194417672644,0.04238724497003735,0.005875800689197189,0.020765527601633672,0.11094002900907633,0.01647978099728368,0.0718477644974942
4,0.11144062887314644,0.007630950998853258,0.02568379538457853,0.0672245503307085,0.03717260464133779,0.030349302335190374,0.028987855944126638,0.027607587017833522,0.09959307580610909,0.040143699076760894,0.05772710525763426,0.10778230303356891,0.022580803149120476,0.040190205000500495,0.05303410476331194,0.056634548059605584,0.15167757756682368,0.003744167593821769,0.02539859246519594,0.005396542701771947
5,0.0811527230705024,0.3698616732127181,0.006539713754603447,0.02444197100829744,0.010367896989012157,0.005013080778754396,0.060476337004306796,0.026152903803032257,0.007877384469766826,0.09316713650840157,0.08026358729266199,0.014350093943832897,0.006647705360105587,0.012997121210068213,0.04903472049050504,0.009276544842129777,0.03626511019943603,0.01864459681191891,0.07917040099891574,0.008299298251030448
6,0.011123405122617124,0.09884380701499303,0.02694290018806817,0.03608417211223013,0.023482981431170082,0.011113844773980195,0.016409576673742644,0.028296184713148646,0.025559760649436998,0.2135202613195527,0.02373533148059558,0.017286492909412043,0.02801260052300661,0.01863472046973721,0.08161782418394864,0.006264170601375699,0.009572053552093911,0.1435304557302255,0.02357781934706363,0.1563916372036014
7,0.046915918184349696,0.015791072201025012,0.025356448918509644,0.05347578550989182,0.273164781256272,0.008277612890025016,0.022871817732440212,0.027666506782679328,0.00851005418549411,0.11138768324666223,0.01767711268981736,0.014153839228692542,0.004555495148252832,0.02367279061957409,0.005474517964760628,0.023182328992737228,0.022981225298260886,0.10036665630449247,0.1856389378399304,0.008879415006132485
8,0.053583197487130134,0.008316125685131669,0.012111944747272844,0.03285513580618756,0.10851829138282937,0.002989818098384968,0.07259861643533858,0.009266274803832991,0.008922734848102448,0.23552097533296407,0.14613257824317658,0.010953413181885805,0.015757376689100825,0.07192690023940358,0.010873573282045882,0.004312497827709941,0.007028990284054254,0.12646906077132816,0.04437587181418226,0.017486623039938035
9,0.005908082660018164,0.3041368831379028,0.010509600181744745,0.009828803013032352,0.0794829376218696,0.007187010079974693,0.01828450834889297,0.12592988227246818,0.012236845498875657,0.16780746464385346,0.01690840768501507,0.01184480981438339,0.024433699266610848,0.008601951908969015,0.047859111191845674,0.014307700967326758,0.006531259087777501,0.022656385837680072,0.021558291713671927,0.0839863650680871
10,0.007512256438682161,0.04737507531438761,0.01275498235974831,0.011380479197424869,0.19653359525670375,0.019066356309912203,0.06920500150502581,0.03254416963784477,0.005926671950636707,0.102554406171854,0.12510610803516597,0.004361997451352564,0.006720544360014448,0.009194610777052878,0.003510871276527331,0.14540503935231885,0.04791518221335914,0.014566536533143418,0.04342678715260573,0.0949393287062395
11,0.07667469318536516,0.061556389697877044,0.010381253117582093,0.056379985223732124,0.10544765515397221,0.07278120625073804,0.049349627039957045,0.006363826952953057,0.00808558527860311,0.13767262613440723,0.03267130967119673,0.007894875393046426,0.007162577016750406,0.14234505771208605,0.011875070896185991,0.053185895530246274,0.017364415303716286,0.10641685146190748,0.030711012378314036,0.005680086601363196
12,0.15705272290709135,0.030563373718721983,0.008626880732507818,0.009432155839507078,0.15613122470403254,0.005964072164340659,0.006269997998746957,0.21030129098657985,0.020796143402442315,0.05136482913890349,0.01779983494074977,0.02726493655222282,0.01406893269111689,0.009865768759199419,0.040174439675873586,0.0561450189854394,0.009958240453564979,0.08835696893225131,0.055304293946542224,0.02455887347016554
13,0.078089907028514,0.09652484966662835,0.020288810645250878,0.024731229719225103,0.03274731070816982,0.014388757238102666,0.0669901449945203,0.03540004986815439,0.05423213628688483,0.014229380298101429,0.11785651504383898,0.009196647081404101,0.017203383086562374,0.009524888539730308,0.07629937059977332,0.10271557483736046,0.03443250713289267,0.15549789231024386,0.02739024946864615,0.01226039544599603
14,0.13022345336620778,0.021795128514120143,0.04792759243975755,0.03466215176011463,0.043538610158103744,0.010561865840150108,0.022845273991203594,0.03734289497404705,0.03602210516845887,0.02856316737421216,0.048774431661062025,0.04243914800721957,0.012304460602620282,0.20949404008568126,0.01460900570808396,0.04616868007814152,0.05438521939490876,0.052773265378616006,0.049489272489770655,0.056080233007520346
15,0.05706134480470908,0.022132767099621642,0.02769427681032671,0.014195623118474601,0.015904714027125018,0.02415788706844034,0.01979965636592119,0.22364103670720392,0.05059003382089145,0.004870327618503816,0.034601373679126066,0.008737787486133323,0.02413579747131603,0.016507905581227045,0.015536911994337882,0.1089641228400066,0.16929701889947424,0.10391188670965167,0.039618715525072914,0.018640812372436484
16,0.19976346980009976,0.02349683244707041,0.17880648187702686,0.03930222700796114,0.018284130670242024,0.044304491839836424,0.04034119741756732,0.036284618117717424,0.0489243379934863,0.005954788132272295,0.04606914627378648,0.05247639981233792,0.007049240015303594,0.016041455071030986,0.0736632760735447,0.05716180985403978,0.027045684770885037,0.010666339558609444,0.02976448581123444,0.04459958745594769
17,0.2848366692320562,0.0436435161305688,0.05355578015983415,0.05191919060197085,0.01788353978592332,0.0976891032503248,0.038481126037646085,0.029260623146265097,0.024682660042249546,0.00846212920070285,0.04685887966655296,0.028507978190684246,0.028963603318539907,0.0306096579475568,0.016567222237569457,0.05189022641419196,0.040112704993115686,0.045215077561978935,0.04232155340638388,0.01853875867588448
18,0.04666979206789935,0.019958724719183148,0.4458667259705432,0.05025572175174591,0.018005294050503183,0.025011144374934024,0.017500141992924937,0.019513150961865903,0.029278942648308406,0.010793975548363768,0.036429314126406154,0.05069589601421726,0.03434499881437187,0.022092972291293922,0.010559362677889667,0.015814763180610706,0.04632542522160266,0.017941824613665232,0.023419072393444085,0.059522756580226634
19,0.016121966353761365,0.003695052684454892,0.008784005301701602,0.038154397523768604,0.004015631836815052,0.0033660842730048345,0.09735229132285635,0.011574441258725013,0.05611880984538578,0.13756580760191142,0.11781491842116623,0.02092716421331155,0.005066586138021494,0.05421692301685789,0.042447564864145304,0.10268504418763419,0.09366329484783512,0.05488272816364419,0.013688030982250706,0.11785925716274846
20,0.012830289759325651,0.017624440865707396,0.021001910613146824,0.017012499283868738,0.02317074522708988,0.009105508324213118,0.01671278351962548,0.3350703363944899,0.05003104350781113,0.07405141901910083,0.045411947256193144,0.012557960335636754,0.1086132403496657,0.016380585652292275,0.0067966364585607605,0.008258149940057814,0.11590688179894362,0.06126733455917901,0.025200011080119197,0.022996276054972738
21,0.015217230235794795,0.5734892869441406,0.026460919201220578,0.02135122960312409,0.05150278213111916,0.011242726295562704,0.01873280575861718,0.018892357315266357,0.0308640645874015,0.006617305981192954,0.02949605332536338,0.024775439181869623,0.010002906557811317,0.019661417869211648,0.018358834379958087,0.017769986888258555,0.010717984858755211,0.0364778079644121,0.028512237995552216,0.02985662292536804
22,0.014389284774071903,0.016454971158689373,0.01781195320911806,0.016631545551933434,0.016647983965373446,0.011105251222850335,0.02241978397556966,0.48822376991495137,0.08102014061590306,0.009590113419449254,0.048941640281870646,0.01841803737008141,0.009304862121248562,0.012696343594772116,0.005570693935082521,0.06039118006482484,0.06821789610395558,0.029843093609621202,0.03952828566034526,0.012793169450288017
23,0.01031173821706035,0.04666082135662182,0.045740156112418634,0.026163740544330107,0.01977766456153581,0.48308183958859435,0.023792637759615053,0.0218767300344285,0.0472595898412478,0.011244326851504931,0.033082854867743205,0.02669202395225077,0.009207236522733715,0.020988511870921038,0.012347495654150904,0.04102864830108878,0.01266681472809324,0.04795884945667739,0.03893271841872578,0.021185601360257822
24,0.012268854203675858,0.02923980744894078,0.017876967922878795,0.017156175079665468,0.12691342617603912,0.006765438245088494,0.055611384555416046,0.01922873537283945,0.02447276418873858,0.007967440894440026,0.02676937598115033,0.020230217923477078,0.005060522780842946,0.015524996704074447,0.006383318300666775,0.07998959148346507,0.010683739181511701,0.08876777146615246,0.061506183567987045,0.36758328852294947
25,0.027289057017457208,0.020827296326570852,0.02252668761552061,0.01577498636876665,0.012163997807948593,0.006213052246011472,0.2525071519823081,0.011172568281218194,0.010343912871451972,0.07839340343034616,0.05033749057499566,0.05017188872242339,0.017814317962024963,0.21017069733825933,0.010622618803097632,0.005486603947476915,0.016449865325884088,0.11376832607609642,0.024651219125482897,0.043314858176658894
26,0.44310003141022414,0.0234370368564287,0.01977930545154373,0.054616122484545,0.02509593356610503,0.033238066357091055,0.02050123469639076,0.017901346794716062,0.016663069646382648,0.00943065940790831,0.022825679511350817,0.09556455077152619,0.00665652071781837,0.017811623954321124,0.007288078952564238,0.05789268419583459,0.04251545591769273,0.023486522788789585,0.042862732225682015,0.019333344293084885
27,0.008908874765460742,0.016300927415263875,0.0399511011695834,0.018765306348958347,0.012207878525726022,0.014319159320230994,0.15148175895267738,0.014164208984689359,0.032813195952649025,0.0068365512188220574,0.036718637777600045,0.4767701993660032,0.0051141969480525615,0.014376257715846748,0.006966476992441538,0.05862243931461079,0.011151258651141898,0.011828540669822257,0.03803851130728829,0.02466451860313148
28,0.009029990535885815,0.015996156425607217,0.031235712121516088,0.0947473451734605,0.014340203863081701,0.007365782347275578,0.012426811794787409,0.007833568078303411,0.027797358289705688,0.004576712307082885,0.024552044097090178,0.33635308236623623,0.005128934294508325,0.04406785190227851,0.01156452762008957,0.026404405934335365,0.006509205003643367,0.015920956315769685,0.29380552049711905,0.010343831032223473
29,0.03230335831617185,0.08279639164923543,0.010185711216391962,0.018992145986121856,0.01633738293810734,0.025312577529267626,0.04090953030584611,0.008635951243912397,0.014725895339794542,0.012620422202316609,0.018821134504696527,0.11396355470560311,0.024096931003508407,0.02053448324314548,0.016462657940368546,0.32058266780309885,0.04373053101302829,0.023406948393556212,0.11549768862628111,0.04008403603954775
30,0.03125238396098254,0.024094668515992037,0.015615126984189005,0.01204699931385608,0.027533362240649648,0.049047916769906434,0.017331829708509477,0.02408125092489277,0.012995873251225698,0.008357388566802479,0.041778121792115805,0.05203051551445927,0.04160592895186524,0.018490789399820993,0.00769813904787714,0.1281143672573598,0.42285853987911987,0.008691105637778083,0.039523052490863735,0.016852639791733858
31,0.06654050087284841,0.02173188922737638,0.3619505857029113,0.07063489536237628,0.03235370567544033,0.009519876653972836,0.03488369778750389,0.02084959942337314,0.014308409680278402,0.00715584554127305,0.028964604318026898,0.02712430518384733,0.00920663054001588,0.02731316259104725,0.008403370464759587,0.008662028271622239,0.08897915235889062,0.09556723128600615,0.020057522840422396,0.045792986218007675
32,0.018314730877014653,0.03727117004248002,0.008032550870242893,0.0692156344096168,0.017761454215246893,0.006032834635865473,0.008461948074171052,0.055386384044877376,0.01207032619875754,0.04290350069132305,0.18422974830796232,0.047712575696982146,0.00899771063963738,0.009545904308572982,0.15678337596366082,0.011125868592710248,0.1932421788894299,0.08442855670321482,0.016826900090435987,0.01165664674779766
33,0.04406554850554356,0.04147919721161554,0.03642498923084976,0.01641413416135521,0.05913652504525808,0.024164830209064875,0.024763205802759154,0.04556579855227777,0.014812567450155993,0.008050256964087574,0.03418596009397459,0.024276098425514366,0.01165479068286446,0.018740886099878555,0.009847433447684004,0.01279742919418385,0.012634901908316546,0.4933816260478449,0.04164668852682444,0.025957132439946747
34,0.05137021662596551,0.022222398526780835,0.45357158820835786,0.04272145068291838,0.026161774164101065,0.04123097953464891,0.038383358193471113,0.01813384510064723,0.02122840628888731,0.011443270957774929,0.0314893992148548,0.04777522391130524,0.015877287182175747,0.018781573197650926,0.013522745541998643,0.015266145137869239,0.015802132064834176,0.02924569001778468,0.03427397304020219,0.05149854240777126
35,0.03468923957980903,0.025399065098546125,0.028261345760813475,0.022418488256223255,0.021702601211113934,0.010421164246271784,0.03877069918042959,0.044131737876322394,0.06263714798617456,0.012314561597899525,0.027669668280746067,0.02202263717717748,0.0181224068806139,0.020604678958302147,0.025210213556172555,0.03715152790051716,0.4708851775434894,0.018431978965399026,0.023838299142370675,0.035317360801607904
36,0.01216005959357355,0.01250827791298242,0.019448470227236534,0.017949849200391613,0.018891519994040835,0.0073277673292978405,0.013820500077486614,0.24014176360283868,0.05098836119473981,0.186349189948763,0.12042861875934426,0.011541902519573563,0.010497347899548579,0.01131158307904837,0.015130087127336895,0.00627006738452361,0.07808668831976424,0.10449190557940494,0.03031775816104551,0.03233828208905911
37,0.0236373984958663,0.008414647532899196,0.05280603708350178,0.027022405787381576,0.04753443546882039,0.0017610480752414351,0.010814291594724109,0.04538206998404252,0.0697902750062084,0.050626822327023334,0.008298115836138382,0.022293100414282365,0.03837922593616158,0.15264865843819658,0.16206791755277788,0.1882395554349096,0.050479537563026956,0.005209915365348133,0.007600329328463327,0.02699421277498615
38,0.030709892508189163,0.010078641743453071,0.05405378850108936,0.14508272748813741,0.012210739290232838,0.03669030251431292,0.008606602724557622,0.012872254195413319,0.049936475038628574,0.005920567151739382,0.039286429299527956,0.011471908170907805,0.0056008173528274315,0.43824071845118695,0.00622237835367264,0.055087079223695275,0.013329220126056356,0.004991368153577671,0.04976354749959033,0.009844542213203853
39,0.013275614964770813,0.022623817083229057,0.023930145459408116,0.04922554190484687,0.018752943431081883,0.012974542901740722,0.020760581763187767,0.014524135399069297,0.289493851764884,0.0063427122296625515,0.05621316422023219,0.05308030537721097,0.05826229963515392,0.014831015656695104,0.16278592669161376,0.0250641359262276,0.07808719078554802,0.02452807724545799,0.026034667978195,0.029209329581784346
40,0.04134013592811473,0.022632056563945218,0.050249407742251645,0.024299429851393217,0.03036849032535439,0.05695258086434428,0.066304739759501,0.01450775458882693,0.050908622153193306,0.012721249881396038,0.03911369281892884,0.31654669105333016,0.008916745624974791,0.015384491744224812,0.018785809777280196,0.05293518005277923,0.07172089292121753,0.010964369918471033,0.03823218003465093,0.057115478395821706
41,0.029327493536943104,0.03899056255842677,0.02607186478610657,0.05293084814362783,0.035037951841039236,0.0646644987216939,0.022942617863982745,0.022618362642116554,0.02462770707053971,0.05332670492641365,0.0537888749362132,0.025508092207298924,0.016267672181664253,0.02333613072100795,0.021214484093973394,0.01923469657925151,0.015956964624698276,0.3927641944368909,0.03401432514750838,0.027375952980603132
42,0.07537540220526232,0.0494174683269047,0.034283811052185864,0.048822380756653544,0.055845703597792035,0.023420840721643993,0.04638761089290241,0.0871242411780601,0.1243933167101012,0.01984025952382163,0.05413160284495559,0.013791223853447908,0.07057793542333064,0.021105041894262853,0.025592304486880962,0.04862643555342693,0.049209260269799916,0.07745917622796905,0.04137346767445079,0.033222516806147566
43,0.05420369009516789,0.04201040033516796,0.02689636925595281,0.045289174434497786,0.03782828557564739,0.023061101263738098,0.04841940601353779,0.04255874920389225,0.051292146745080085,0.05139258159695346,0.046348463293711666,0.029531956414427477,0.046510706848750284,0.04691809369108641,0.020881180707183533,0.03604203738838865,0.03340325792899585,0.21502434474702414,0.05799788310519473,0.044390171355601776
44,0.03595104716012261,0.018309872528392796,0.02293867149468055,0.02587485789385849,0.02934091597882076,0.020275185617691427,0.022554555189142414,0.09976920111042935,0.02426989692854452,0.013875978915740137,0.040205341615070785,0.021691428939177422,0.024688492505676084,0.023782082901305335,0.01764178633256562,0.051026843513119646,0.42527062096610696,0.014042123544233592,0.05000764546650914,0.018483451398812287
45,0.10804303751580153,0.018747463805958972,0.10110208514333582,0.04189881083578077,0.028861310401583233,0.013443028585174136,0.2613330120345695,0.012984669360425818,0.014084871410285405,0.02814696807213849,0.04737686358593103,0.035226483487366546,0.0383332776004373,0.04999808436367765,0.029546238359488462,0.08363476442370142,0.009668631942246687,0.010391748488880212,0.02188682440568794,0.04529182617752909
46,0.014462610432454318,0.0399179998703686,0.02512430084715325,0.027712711354251216,0.05250089591275347,0.02111238402579451,0.033690725930571284,0.029669100220071368,0.03226708973238996,0.017308967014705585,0.0502738664038866,0.03712656888113037,0.04068966141644957,0.045885708023120676,0.025131999342785125,0.35356018821142654,0.044251656136406345,0.012918641020728844,0.04489707415778718,0.0514978510657651
47,0.01386408563748395,0.008495986388685602,0.03314162303206331,0.028489247725143725,0.029991270091703246,0.016937585196475057,0.013349510916576613,0.028064118736346802,0.15037356316217948,0.056247266445008756,0.04333720925095288,0.016870812911002682,0.00634922494878177,0.08533077521672171,0.042891204574894246,0.06526179980867973,0.10751237315115732,0.1920650568919817,0.018865454087033582,0.04256183182712783
48,0.010748154386091929,0.021936097164736188,0.07727779367108474,0.024704599544762427,0.02281969966296363,0.01172331263381573,0.01407681247001658,0.022270809623133114,0.020930990877548253,0.012104400140382518,0.026437828985298478,0.42908351743398215,0.05757802179604686,0.026277036179817907,0.009995872849296835,0.11057905885643216,0.04471767419167688,0.011061110346964366,0.03494403654977744,0.010733172636171778
49,0.01069942698492775,0.02981522242688888,0.02684184130954071,0.016743341264564948,0.25977472204343033,0.008375035356689042,0.02606484053111523,0.019099279669811033,0.02110026829731135,0.3797612459053404,0.042156956970446115,0.01923980552660786,0.013296407895404093,0.01840335245333828,0.018992978089541732,0.009414117471915827,0.010285740238339978,0.024737881787825107,0.026233517645897955,0.01896401813106346
50,0.01369895156403412,0.017572486993385768,0.02312294097270841,0.013726101361460696,0.052747527502868846,0.008528194497927013,0.017569963315668947,0.0515874872427808,0.01766708310277933,0.45840809991618164,0.03208305259042301,0.013661900810507421,0.01882820547596177,0.014620704271247894,0.006181285162033962,0.024845859421407795,0.009421414334403818,0.13261118204453956,0.029853109257322506,0.04326445016235672
51,0.07836022619944233,0.15061609045300722,0.07537209557130219,0.1935334348690023,0.008719590318207918,0.0384030024389969,0.006838431489644213,0.12008090975204994,0.04396628832298062,0.008449357377339553,0.014075456866752881,0.011393066186509624,0.0033841365903513874,0.07099305531356224,0.0025971018228717925,0.0024800891574631627,0.11173906224603063,0.039081666018068145,0.013465214078827515,0.006451724927589458
52,0.0628907716349544,0.005931128676767995,0.11027911246492986,0.0905862940100017,0.0045699325646489,0.009577275298590674,0.02440236321760371,0.00422759107809845,0.04527813494294595,0.02283546412203215,0.07254928559383682,0.015091261952149762,0.00261449099913375,0.007687935378436143,0.03184291907753086,0.14678132190910073,0.03505710366732199,0.05772866220771764,0.010374652197509963,0.23969429900668857
53,0.0206542792146275,0.006882006347776741,0.05583003674993386,0.15846005496097793,0.047316950241546106,0.03859868097710748,0.0035001074805485954,0.047839423270164036,0.018001024773103898,0.03108159657550774,0.25381093621657286,0.0599094061661576,0.00229400423702334,0.052745557265419754,0.06185631564848966,0.05381807998002404,0.013792165151477668,0.005196806486364194,0.04377225142998773,0.024640316827189264
54,0.014564559967840953,0.009136446850417635,0.04814489286183608,0.019915316920460092,0.015679413503108166,0.010907651591910112,0.35899693427333457,0.03205413020103267,0.017720226152456074,0.00483027547257161,0.018868267935656373,0.03242529745479344,0.051736054080195916,0.03440842358302419,0.02858282325071606,0.06917670795416143,0.10562818763029552,0.05398041352797015,0.02511472131594184,0.0481292554722771
55,0.012205704831398526,0.017508545750575154,0.04700752774181085,0.014579656806120814,0.018072394231110595,0.006420526042531566,0.03320726170155191,0.04813089955272297,0.10676757964727202,0.006148655938508295,0.027566556720017423,0.4317460303835944,0.009225405852515443,0.01705078434729006,0.007212831528186567,0.015265353744064186,0.11583649392369,0.011786676825646445,0.03184668583779501,0.022414428593597772
56,0.07397905528464042,0.031615156992782945,0.019888542797868735,0.09583297367127516,0.11866419433537617,0.16942537258932733,0.08204808457689437,0.009802580665091801,0.012616722838581526,0.004987653701172853,0.03188938636906989,0.012562536637578156,0.007089212230553267,0.08339055600175799,0.05550873844618064,0.07426789062153602,0.035663901932981676,0.017612657916033506,0.05519765672607987,0.007957125665217668
57,0.10129305115052437,0.014011656040964349,0.010140352663422484,0.013811699082978843,0.009848895561700766,0.0077308223875306266,0.00979168515581158,0.023838474319006125,0.18787720067134267,0.006559677399516545,0.15833827753849386,0.021639955887597064,0.009427476615612655,0.29533063217395744,0.01837286535788184,0.005367894876992526,0.016499976839324915,0.012952220329384628,0.06822121803222018,0.008945967915736496
58,0.016337352797595125,0.02705577229944872,0.022204989025934093,0.020784415070003143,0.020665899785938156,0.016501526729751526,0.03665574194450843,0.02242610592127412,0.01441936977972861,0.5726086433008204,0.04369629345870793,0.02187020558870505,0.034692728780324714,0.032303982826683196,0.012855097383230594,0.011988137547343387,0.010253083014821867,0.014071044297204651,0.03409858065422374,0.014511029793752527
59,0.009885388072980708,0.4876562865811994,0.08293401503994971,0.025963441509554024,0.03177134976157121,0.009400148987490272,0.020628982031756136,0.011066070503080025,0.01633330220255375,0.007130837119369593,0.07562317297880457,0.02436498581231983,0.014403759896785306,0.025784252634187623,0.04314656467538987,0.02067107726392976,0.012051637079807609,0.011256966659394036,0.014095965464357891,0.055831795725518676
60,0.06045604768771798,0.004953731820683952,0.006817602685507226,0.010273707517859396,0.04393448066422103,0.008981723172164655,0.03821405147554164,0.006885313158819872,0.1645536710050048,0.07279883191217625,0.04345616326708645,0.055059219477803234,0.0019778398869384098,0.07284735217552157,0.16175099607712048,0.05010877591923474,0.04708095778644989,0.002372372011825264,0.006806021458007736,0.1406711408403154
61,0.006746259658246403,0.011947854754650282,0.010609833282874027,0.018639095381583592,0.01671261094526468,0.03288406795224938,0.010744901438847909,0.08489727987339579,0.012912606420221712,0.45575608899187975,0.025299002578256367,0.0098165949194507,0.0247028798729582,0.010906949205478935,0.005684434011638295,0.005616454598107708,0.05435060005249853,0.10523714430701077,0.01934025151396239,0.07719509024142467
62,0.059797346157782226,0.009990896792969505,0.14978031090173052,0.02147730113881519,0.050360370548035306,0.03053876557123259,0.032377232370654124,0.004529486875059099,0.09786920892472628,0.012032626356885736,0.034664282554903406,0.08726266100228224,0.0019109283800956675,0.09738278202327355,0.04279916224085213,0.037452337678123615,0.016302009112980218,0.002911113578827312,0.17544982480216803,0.03511135298860322
63,0.023030214942285864,0.0228551758766602,0.03192863652532173,0.055465194034292314,0.020908404678398895,0.41415391630621673,0.01707464749029111,0.014877373673873961,0.02166540695479263,0.010148414723020093,0.045570639416552414,0.02970679326617198,0.016471619373242093,0.019902823102660134,0.05203299490328962,0.05397405074546425,0.03898436053235307,0.04540633107477046,0.03869165714543545,0.027151345234907018
64,0.023933409054129048,0.010494384957969328,0.01649096236322128,0.01769038493076934,0.03736764745245336,0.010175828177717072,0.08365185579773608,0.14824623418573873,0.19922398831780025,0.01269041698648372,0.022129495182339285,0.039953969115315464,0.005834688761920491,0.041064741697192424,0.23089863885259485,0.020841565317007,0.014085569240634848,0.04184373026182221,0.01615581482362182,0.007226674523533424
65,0.06284491421131914,0.019358918453564727,0.05339001791881894,0.10533849181511809,0.006165085954265901,0.03969001057917184,0.04027861242461369,0.005520758740748883,0.012945039722511459,0.16538357547675006,0.022127845151714332,0.0800951133896746,0.08652360363500634,0.07358720756858754,0.03421938188457632,0.04845351666111598,0.06801308128697406,0.013444358919614914,0.03482097701677308,0.02779948918908009
66,0.05573027525164717,0.019053060863598637,0.024019373339668228,0.040635446650287316,0.027427377482296105,0.01629465382061971,0.02184381123780102,0.022949998302100146,0.027715461821913038,0.029413428450266843,0.03844951548368841,0.021256576516663385,0.48665971189924956,0.02905618973263747,0.012599912073661252,0.03725598377834461,0.015846432762337184,0.01483776975911096,0.036383371127276666,0.02257164964683226
67,0.006461205104762712,0.01749680529701253,0.014566416260670883,0.016186375981105432,0.025236293272549847,0.013323269967745983,0.015700985546225593,0.18250940029049867,0.025950303040024655,0.31860121709726474,0.048925907081889514,0.027919880033333577,0.035970970739472155,0.019711206965207017,0.03762694626515619,0.010833765157894007,0.010256776960226756,0.1049178102272375,0.049686331572669454,0.01811813313905287
68,0.0806891360634864,0.012812593854460036,0.1392802020532041,0.22039854196858819,0.005012133701447016,0.004181192291256255,0.02388537215694838,0.06532966997735827,0.015582969289288758,0.032576126989700104,0.011350115238900477,0.003168941483234857,0.019039590909292643,0.06102378490818652,0.0937396601123261,0.03762293321451415,0.04681750029868929,0.10856302308314292,0.016806044546929896,0.0021204678590456497
69,0.014147116291094818,0.021448563757309417,0.018523017135932258,0.12102626207105077,0.07076982526123118,0.012482577033199448,0.014186011823342927,0.015229368888183145,0.014644404765398722,0.42722464468597243,0.02284228883293378,0.017337198581705984,0.008842846040666416,0.01345528342862818,0.007132624870056118,0.09441346352996861,0.049053855255691406,0.019348635701182018,0.02065907671684917,0.01723293532960319
70,0.053529522449158415,0.02034216174449935,0.005875260672758158,0.07345359477585875,0.0023740198318701793,0.13017484475362717,0.11513133669588181,0.0030724118178392856,0.22989501359971024,0.08210247693068545,0.076829213529209,0.003658413189597404,0.0013723427407974938,0.07686214249464829,0.006941497894552748,0.057529882272195916,0.018190619688592934,0.0162250354190524,0.013130850958149861,0.01330935854131516
71,0.03742838939903812,0.024080749268271563,0.05874248771195736,0.05078311705818858,0.10700870958897327,0.08224238778756181,0.03917317908119546,0.006601137578335275,0.04356170187455996,0.018873584718145,0.09050061689962358,0.022595197780871455,0.06246827007735437,0.022849470263414003,0.03705216444681707,0.029609984292067865,0.12949066004827617,0.049984485294319314,0.07363808573337881,0.013315621097651015
72,0.01135202943669082,0.6211596242065008,0.018658499068926214,0.02612770428905064,0.02331776742339304,0.015141115831164027,0.024265287657948678,0.01636085210786471,0.021916072306430986,0.007557770806764408,0.027031023699400244,0.019399634015216452,0.01072468719788861,0.01850093686890249,0.02588055794669831,0.012469500803677456,0.010801620472152091,0.014558723909953608,0.020188701652953785,0.05458789029842255
73,0.11071833635303335,0.00590022807196793,0.042842637022095204,0.05170795340541512,0.007929152592623638,0.13642163014675024,0.007939497434552446,0.005992618843309835,0.04622379965588193,0.012308603398031158,0.01911419796480887,0.15746933531040136,0.002333839433834982,0.04287960450064377,0.061617391695558445,0.11589066763141954,0.15129620417785722,0.004178522628213478,0.012643188131752416,0.0045925916018490975
74,0.004585743689596876,0.08259778675778826,0.006237287633216726,0.008815418328455166,0.0047883275051888805,0.003444348593069229,0.006709131271881019,0.185447818499124,0.008771336957237806,0.2969767308654678,0.06368085683270021,0.005179573467847641,0.0036890560503653217,0.02234733893572167,0.017478305595318776,0.003027493838702797,0.028825552776992485,0.228686490159019,0.01233080675257645,0.006380595489729886
75,0.05938983163982198,0.02635277283357501,0.004212812609767729,0.04661581216827942,0.005050857319512604,0.056355677290678134,0.026486696074319763,0.049832343973590904,0.02791973851465083,0.08238654529710938,0.013737935690240295,0.04289460420601038,0.12630640315788727,0.03420545129341448,0.021493343882101223,0.04055878625459033,0.14455273161351279,0.1743825228952186,0.009648735632253911,0.007616397653464941
76,0.09645268319929128,0.017119289136988094,0.022816102894253464,0.040450585417275225,0.021648694644615076,0.4684329512680906,0.025155787669641865,0.014690300820622773,0.02353812171038381,0.00685318323305121,0.026249586607284776,0.011103455195304273,0.008913963813862799,0.025800492431786715,0.07799747362718336,0.007937056916285256,0.008821564968767905,0.05065151580705491,0.03052778658164313,0.014839404056613409
77,0.010163133444905173,0.04841979784337908,0.02036008687431612,0.03148809315768968,0.025348773358957348,0.0762221559537992,0.01639680382548063,0.018759650187811103,0.09787995132679086,0.07674057334381118,0.03586736586870864,0.017822490393445186,0.007084686850105916,0.03287881287169742,0.021669882451383,0.0088949519194982,0.009386210865366992,0.07565072026512719,0.34351559390895625,0.025450265288770764
78,0.011452913212632407,0.028012816243085457,0.02035231056375143,0.010343909179549669,0.04632855117504164,0.05701955210098016,0.027670240366877374,0.046079092664357515,0.017008683530496917,0.37319283503381095,0.04027941855185103,0.02136198935918657,0.1276171408012239,0.016136567404306603,0.020845839580952943,0.011468535557343703,0.01234779905383837,0.04473169978277013,0.031603256683023204,0.03614684915491997
79,0.007744711804265678,0.01487025257956674,0.008203117937138326,0.012703110007890301,0.04746746182926708,0.006854921379768606,0.01076455446832548,0.20579076177037,0.0064087343613654525,0.41723755874023843,0.04587702536534979,0.02709554542016923,0.006916933799047973,0.0070647441818216,0.08257891499534419,0.021332276403317165,0.012550193292086493,0.027477201107885957,0.02417650002385841,0.006885480532923033
80,0.099605503108815,0.013729624968530564,0.014996454545730077,0.05474939849198778,0.008955463456781517,0.4613327708085048,0.023785017610306387,0.009182893691166847,0.016659670458757343,0.005059467409153291,0.03277271958787845,0.014632764976445362,0.010642056541379953,0.017304569991018433,0.022293746195606475,0.007123695529553291,0.010200572223996038,0.1406612596732657,0.02346649351872199,0.012845857212400625
81,0.0909175544904207,0.011306438420726206,0.038147146271616805,0.02673234208242731,0.013234530229394914,0.006759990341575301,0.12176126135950185,0.019516809688712902,0.017318519864609985,0.0034125497334796862,0.019779060727776472,0.36442657690793806,0.005221487261506799,0.01113006862932364,0.023979844342762343,0.16941039935420027,0.023108329250179103,0.0070554737331938655,0.014330980743782487,0.01245063656687128
82,0.004725345039138709,0.012080653844582127,0.013700519564847226,0.019536046803942064,0.01551117985700912,0.00959671438840034,0.21399377781375697,0.01022896851046771,0.016886512918503925,0.018883172672164942,0.018737553153520384,0.00945042569320449,0.47210831976231293,0.016180015894309063,0.006484856394496599,0.07092526829169962,0.03133225939229274,0.0076302320286240274,0.024466590514412422,0.007541587462314609
83,0.04107634756389224,0.06114478521044732,0.16029570990163095,0.14194874701617538,0.012972782721619131,0.008790420190160513,0.005675743287945056,0.025203102209351295,0.03415410634722144,0.01631961891269255,0.018942473545851626,0.08895027578028727,0.0022529770210939775,0.055152868232210765,0.0019106395636429194,0.01739054576055599,0.06195137299352812,0.02613937588583829,0.061957941980865655,0.15777016587498952
84,0.017221448346860613,0.4228464775748519,0.028652714650689394,0.021713635164550594,0.05212797779971589,0.07255122193528057,0.025052030918168468,0.014089948770738747,0.023905731601633656,0.006342419616703093,0.034834724247805544,0.030983178465946157,0.011481482731370318,0.021402720417770468,0.01413857601627466,0.01685084069770121,0.016306908422097744,0.01229602288759314,0.09639762054238772,0.06080431919186015
85,0.072066494372069,0.07350595481839967,0.4278001418356362,0.055793563841373545,0.015045929736167142,0.020142202682986266,0.01663894941884014,0.015659532596860315,0.015092712294029238,0.005278062813149487,0.02299960203217782,0.09219942673450075,0.008118574938773727,0.012902075883421725,0.007426603617446453,0.020880225706695267,0.029166321524608612,0.009758217688441926,0.026275181031031894,0.05325022643339082
86,0.023404400496602727,0.0028918309827105086,0.021892447640150216,0.053858213710950176,0.05571864571125694,0.011613882092470598,0.06888035076877749,0.0451811580017571,0.0029451371572029737,0.1652323852147503,0.08089087572117132,0.0397360107034237,0.02730679714352222,0.011885573684318829,0.019270377741121957,0.04523918659591607,0.0409176891918762,0.03592826171378133,0.04730137667778588,0.1999053990504534
87,0.05995166125041941,0.014274413636996983,0.02057207943330651,0.020888420111612883,0.01371194050751227,0.01461283325965376,0.012491931012158553,0.10074307485104264,0.034581207409708055,0.3690102761000014,0.05899628368016681,0.017558884815498693,0.04734909349086141,0.01964451655028564,0.07633479363764287,0.00806286332653021,0.008215369477784102,0.029593990302627264,0.03625454335422593,0.03715182379196459
88,0.045914782895840035,0.006172401780800406,0.042594407312972336,0.1421448185898238,0.044188782393806636,0.0030890147534942763,0.11783263122185504,0.05650402474972777,0.04319328875378765,0.11989666215222637,0.015990650769957256,0.022645006980401134,0.005893986554711331,0.1857578117542908,0.0030772681072805752,0.002549172157579581,0.017752257446757184,0.027804535835707737,0.06628189806937747,0.030716597719602612
89,0.058567159291993014,0.0017435018271571806,0.20343487573437194,0.0845792708664198,0.03190210304663892,0.17316269406873094,0.09587779960670861,0.01294243791134206,0.018379986353892395,0.01149615808284471,0.05638492159651346,0.00808354610567781,0.0400772606492546,0.03605056077204029,0.02245985203669232,0.005939345148288901,0.038506465033507485,0.045980352653159744,0.04396602868488985,0.010465680529875981
90,0.0326649308076318,0.0058178571591439845,0.030766707889193702,0.16619825795111196,0.046781704131850475,0.00665385308448321,0.015965008107848237,0.011443956797475867,0.034117388730590566,0.02641060471630252,0.029208834179393562,0.03700075149361716,0.009689735820604839,0.15762710352419232,0.027574153253048253,0.190194237814039,0.02287684318676894,0.05612332829047209,0.008168116300856856,0.08471662676137469
91,0.04978109921794008,0.023479850916651192,0.06716115724566216,0.029584707980590638,0.003868461773658748,0.12888122665232332,0.034370519653347115,0.027752295642342734,0.07402062421878466,0.06506539243590724,0.04639626626527736,0.037494570493060306,0.00549083526829916,0.04067236301079831,0.06628560391242122,0.0635698642905248,0.09508655967011351,0.05571617305414891,0.06827561064543565,0.017046817652712938
92,0.030637138443542364,0.007737808587673146,0.092340337001019,0.08442156280739771,0.05218168643938858,0.04894788456585495,0.07844414961787229,0.09137674744296344,0.01175984040185776,0.019337843114691736,0.008430352435781188,0.06413963418548974,0.06341118577046291,0.025514948001557788,0.026225757252449182,0.06813519651583048,0.12322155369546704,0.04403602047128843,0.036936377239367026,0.02276397601004525
93,0.018437793290024047,0.010367368243772728,0.021330692570519064,0.0280727661626888,0.1990235992251905,0.009513367654653108,0.018459241948576326,0.08058669152629351,0.11176805442572556,0.02925080049834654,0.022434507373325738,0.01446512571074361,0.010004307683913066,0.019467869991832486,0.018873456465432686,0.018215812212741,0.014782991654791888,0.012854984518265078,0.30503510962629893,0.03705545921686532
94,0.14320051797881256,0.02307935966519009,0.014008138866155323,0.015695677566706583,0.04423579750235025,0.22319963251302744,0.03231217416277087,0.006718089214764215,0.015932649788688146,0.004462010141247872,0.032494216382912285,0.02117287348814931,0.0340981252269421,0.012294123855387805,0.004242593086578537,0.24937005923375133,0.022980909544468405,0.00896493518275176,0.04532103242516828,0.046217084174176894
95,0.0077216056674916725,0.10367631335018809,0.01579745290612445,0.014204099181317617,0.15095927565105477,0.006848880106213311,0.04273356359805406,0.009538216832936144,0.0080821155615976,0.004807149914989912,0.030603304372017737,0.056584683560684676,0.0060976530319930295,0.012733194367547959,0.006950291637489811,0.03963514576398013,0.008716033221414154,0.006161262004446798,0.03282727213162858,0.43532248713882954
96,0.007529681744711036,0.10931472921681076,0.01954740647122815,0.01213817107208264,0.041268764859049886,0.011399483299092142,0.013786879596730096,0.3556664192421734,0.012088994466694149,0.07429177045885027,0.033790106157148544,0.07159562935331744,0.005144929092940257,0.009825037903895533,0.0050456890153260815,0.014538365910879952,0.0334326051695697,0.12826767960661695,0.029572510485947622,0.011755146876935314
97,0.22520492685782978,0.015002365046850277,0.05278306645404101,0.0672836151619308,0.012622597541555796,0.011105955214155312,0.014099046150829068,0.05116500535578459,0.018767126149139397,0.022642983925173343,0.04702717649486698,0.007982184424184016,0.006952439893764222,0.012223420090957346,0.006105420627364154,0.0071394232604709415,0.006092350062949608,0.36210551239445715,0.03961479208756088,0.01408059280613539
