site,A,C,D,E,F,G,H,I,K,L,M,N,P,Q,R,S,T,V,W,Y
1,0.050528399554920916,0.0512207738280994,0.05152481999329102,0.04910879285386206,0.05248366717854889,0.05206918322349918,0.04735218180581323,0.05066811552673254,0.051079819764633126,0.04704983487599743,0.051865346584315866,0.053115121533960565,0.04913091711326255,0.056898641958695886,0.05078430156223519,0.04079766642717562,0.04486297894213655,0.05762145790138971,0.04632656174224013,0.04551141762919017
2,0.009456820014302609,0.0887864717361851,0.03202933078899705,0.01243744054076179,0.012598634010240075,0.016079011606326327,0.14360828098089565,0.05270848041464168,0.05479041395821132,0.059805747035781634,0.10546956692273086,0.03356178777566189,0.012037714482087113,0.08503842285654405,0.017824696236264426,0.027336538959474643,0.05028936751898547,0.029519124422321352,0.01629464236061828,0.1403275073789687
3,0.09348832394832002,0.034329392452073657,0.10088888641137601,0.05793800588909335,0.019230143962242263,0.009820296509779771,0.021313628403055788,0.08831292504784484,0.009679462647759566,0.05007540187618973,0.07022466547756549,0.059755937631614325,0.04731139075932876,0.01721751137026778,0.10641739376974121,0.03784830945420322,0.07039157505645523,0.027561770819905462,0.02362964844593896,0.0545653300672446
4,0.07817657215908004,0.03148741643399614,0.005538443259083886,0.018851757050952038,0.0034453072574090094,0.030655060310952557,0.03370373802129379,0.023488641120853936,0.05342118049856918,0.05175840113766944,0.2235830210977376,0.07104192962903758,0.03487046604114975,0.0796424680240337,0.052235719104467615,0.02309884775188897,0.05227025898510587,0.04266732483424344,0.04636513033841905,0.04369831694405645
5,0.07181456645419373,0.14083437211769012,0.008215899775107494,0.0459368274967199,0.1011711503335155,0.06432540424402211,0.019504882415355557,0.032400763760965436,0.05392197446924553,0.12124659697913023,0.05122814592685198,0.0081951343687081,0.007792605479048812,0.037241300932487856,0.008147349702107983,0.004568514282200028,0.03155119178916569,0.04604420703461088,0.06370077616582472,0.08215833627304837
6,0.11760641739174123,0.029297404879452097,0.017706808610679494,0.013534163032858032,0.2613600055731695,0.007103697582235155,0.03873357745929427,0.06453722623930071,0.01245936510676847,0.1463769999757304,0.07340777111795638,0.008713709102645564,0.020583767787479012,0.01981771609132398,0.00871760132692604,0.004223693700234146,0.03579107810401545,0.03252806818241762,0.03304763921739628,0.05445328951837613
7,0.01666456662051405,0.2768038635711363,0.021448282668593686,0.011599010402929008,0.04702054999080623,0.012316172928055,0.008237338249629743,0.09218986016594315,0.011177278027193049,0.04880955961386671,0.059441552746564014,0.021184946653168564,0.005956813692738091,0.01740401645892206,0.018200406460217596,0.004232798285105252,0.03293958322860002,0.11804790657311708,0.16091515675081577,0.015410336912084575
8,0.03255275862545139,0.03447278055435342,0.012715632836991819,0.01156470398463286,0.13247901182030147,0.02349487565218535,0.011891382425556636,0.2519768651470895,0.04620786169473015,0.23460518172252745,0.046175503103578146,0.012243083476207589,0.011201835512203325,0.016757959600587406,0.012857274437582498,0.005433865767336756,0.009244613807152711,0.017849185992966705,0.048792784790152026,0.027482839048412734
9,0.01943348731688536,0.0241972502094961,0.0078117478226378085,0.03029320619589784,0.026903094434312134,0.007011640019796806,0.02756099316617213,0.06450306629564527,0.013122414887144144,0.17819117015720548,0.05910942115747927,0.023322975389123722,0.015320920015678129,0.013458730613063312,0.01283014983994533,0.01924938601649883,0.056786957545146836,0.3756051541559304,0.015488301152409093,0.009799933609532031
10,0.03700531469745699,0.053253084149157304,0.012371286443338807,0.006443554161088779,0.007633963366860704,0.021033708179714183,0.047198401236786626,0.2219334755226673,0.011470845525818337,0.08090970091252753,0.0969933654639951,0.014169083133618901,0.0054757223969541646,0.013083371394241004,0.008930315587669258,0.04125805640567554,0.08440883942727985,0.0549246277208906,0.01785879416036738,0.16364449011389168
11,0.07497803124536533,0.0299169297445895,0.007482543188935516,0.05086256534629012,0.31253109493416065,0.016282447712031585,0.017541772487451004,0.10372932559687874,0.00549854892861083,0.03075120141348535,0.019169300056375762,0.040547262974283044,0.013529674671543927,0.03437747184441783,0.00691661097709155,0.0454400936318964,0.026078740172301558,0.0695607803863139,0.06911603525276937,0.02568956943520804
12,0.022830328280590947,0.05689480863004483,0.007272954751558318,0.023840458325143976,0.16426443026258106,0.004288276532904307,0.08970709097762951,0.10627143920628257,0.013748611709024059,0.03766004957777973,0.029499729337714324,0.027537291638413876,0.01830004980092515,0.03144600798586096,0.013235774771381383,0.042283015398886646,0.08268724636225475,0.19023396427335512,0.025754601551057424,0.01224387062661104
13,0.061015900684752294,0.03302257283348511,0.020476560259257447,0.05057105525321823,0.01995138936889546,0.014205862496520937,0.05000399658065755,0.06227424729523864,0.011953084186448651,0.056191132438926546,0.053278752476081624,0.015349825263984911,0.027619967573079964,0.013215422317197129,0.04108433711479658,0.049300608154038764,0.16602869431323664,0.20734031761092778,0.025643876204664712,0.021472397574591018
14,0.10047605097580861,0.04487960071936193,0.05735516906556681,0.044519069148118186,0.0363455417975766,0.13723757412194998,0.036368407288881674,0.027871271394544397,0.04143825241779742,0.06344474470423449,0.040105413020841495,0.02668265074666416,0.021936048649218668,0.012214676255112324,0.0963793517028422,0.05208662558922026,0.039178270720275944,0.053102108382757356,0.051708449929638675,0.01667072336958881
15,0.05742385024052955,0.024469432480201284,0.02582515700513178,0.02729517120894896,0.019000992257675507,0.02094365149928501,0.023168279237950368,0.04798856022417626,0.027822128937627838,0.00975841408267931,0.03837777437226403,0.04911688648292517,0.012788043299813222,0.016090653336966104,0.026578397712212137,0.10367862885572374,0.3161912497471821,0.09944060223660925,0.028003256435670244,0.026038870346428142
16,0.08874847278484914,0.026200465715755815,0.24180113740649367,0.03269592693931576,0.020601110564856095,0.045373917449222666,0.04670137453949658,0.03437425738461956,0.042739615257626276,0.01943777099002309,0.04647969863338966,0.04710978026206674,0.006303979079943625,0.03029710504889499,0.11168434428296396,0.020447877301476614,0.05487117805096068,0.010361340426959194,0.030460885721249168,0.043309762159836694
17,0.3526874376062344,0.04489256832047951,0.044149016695323506,0.05290461402128037,0.027716835552517607,0.05027763769140738,0.02318614721081566,0.0244655065209081,0.02371180057071249,0.016197121134132617,0.038298409926873694,0.018930886320778332,0.027921277302638946,0.03386322261390614,0.01891105465938534,0.04840845182697501,0.030065135760681556,0.04983761606985387,0.04657420509084234,0.027001055104253123
18,0.04434944544724522,0.01889903611253326,0.38708933443538146,0.04288117264297235,0.02306080997601801,0.06106858088586538,0.03702015847156357,0.02136295626785973,0.03824949298914582,0.008569757707951747,0.02754184871701484,0.04686027708067188,0.026897670465921005,0.02326075975866478,0.01094411507966166,0.01571217106699381,0.03266135423716655,0.04450485664905072,0.029107397046874605,0.05995880496144362
19,0.006585450788324738,0.013640833358488143,0.0068593898798754065,0.043408709672106964,0.013281333403628259,0.0023247419150198958,0.09514154386851084,0.021124827266613157,0.09566607999028394,0.024981295172727656,0.02435397190513034,0.03792464943934239,0.003256650095787687,0.10041210131910261,0.15589698162274443,0.17076584951040147,0.07498505482543956,0.02372451849124648,0.027671083877772923,0.0579949335974531
20,0.011249784146495731,0.026999543554602063,0.019043700204892496,0.015348001745794152,0.01923567934938689,0.008590783116149777,0.018458208379639636,0.39764812699948615,0.019629677639774388,0.09250293304999331,0.06133390428891921,0.017309521222108465,0.01287032240239152,0.01966538202424068,0.02895869838366087,0.015269541667928436,0.04844133501858059,0.11930126471008606,0.028289823392781074,0.019853768703088484
21,0.013609309371648613,0.4678721355734734,0.10245417710392613,0.02040888499106965,0.03864476051667201,0.020038085608978743,0.014200776375222952,0.019036124453005215,0.02019021411287449,0.017909918303624046,0.025509038695671164,0.020242879165368613,0.018425187877775584,0.020400173086411597,0.03624643977048993,0.008092932129919614,0.020739401350920145,0.010629142337750702,0.07498665915429727,0.030363760020900122
22,0.03772189509016729,0.061053849545131746,0.02517032258655811,0.05160555041689279,0.02322787760031477,0.011120904656325236,0.015745155490628757,0.44744649625484934,0.04771344283870709,0.012285859553093682,0.045737143043918266,0.012143913815926177,0.02163957446470977,0.016956403161540828,0.025088161697871845,0.009274042627492306,0.027759811398708065,0.04068499037777267,0.041325401643717716,0.02629920373567362
23,0.026679073026080517,0.04828709066894038,0.039910104832956095,0.022661901105559146,0.019737715176993093,0.5043556854377819,0.020281449649584986,0.014662185944211651,0.018992296172050227,0.007862305014844676,0.047725123690060114,0.02017400558526083,0.010972259730206727,0.030162758147363355,0.0394466678524452,0.027187446540597744,0.012981467723405936,0.042187236063625816,0.02468607123799249,0.021047156400039194
24,0.0419290431422592,0.041091863471788795,0.010812030188890055,0.02350604122236472,0.07960503928362428,0.0054678243039098535,0.044511603106114114,0.022373566754371653,0.05511370767624268,0.007078744354713966,0.1064705501255921,0.019150354404525907,0.006319548852772373,0.08318761251778205,0.007249114956620523,0.023321455958115335,0.04949945594665063,0.007444102812722767,0.022737343065745805,0.3431309978551932
25,0.08510419329047252,0.037346591603437264,0.03382475368491107,0.017625194061232797,0.013330855880532426,0.03048829019072466,0.2958424299576246,0.009372427742720495,0.012925190262852746,0.09383391819694911,0.048405198374942816,0.048321624875128255,0.009140483402284266,0.04465369578015608,0.018284045654938578,0.018603493821034395,0.054071678200065344,0.07473665441022724,0.019228344072620824,0.0348609365371445
26,0.48808945955762784,0.017880666457568965,0.019426509889547073,0.04859517101578318,0.02138934198731415,0.01806995473302483,0.022848897538556193,0.01714359356946243,0.019587581850567415,0.008264261971982444,0.042026433111229666,0.10770816451048282,0.007058754079010352,0.018481922480919052,0.007730865304455348,0.04580104438828428,0.018469823125478138,0.024535328547116424,0.03100535155467125,0.015886874326918172
27,0.015182353654808696,0.01977149603893441,0.13529054928798803,0.022446658116304807,0.01558449473423423,0.007657870210453077,0.012444231530579969,0.026404358957822182,0.020200283570723947,0.007235406402572397,0.029794217521803147,0.4590762592622014,0.013713137838739658,0.01914928365260166,0.02120222879652756,0.09191282096809612,0.013555518917568744,0.009837200656466887,0.018005053802518163,0.0415365760790548
28,0.00986729908694777,0.017484595297443183,0.034005497524759454,0.011303051554312216,0.036598366940519746,0.027940657883438393,0.017050898615440777,0.027395529857113934,0.0233354487556241,0.005890288476380755,0.07637944749541825,0.5222184350164123,0.011568030774943,0.01544945151963508,0.02807632251874023,0.04718449213023193,0.018990982867785708,0.010392613695553644,0.027558107695752666,0.031310482293546764
29,0.11937891480631801,0.019077473593675124,0.010978144320883626,0.018194704792169017,0.016448639225987854,0.03893008965189752,0.012347451383333577,0.0129515488912953,0.026148617298654347,0.007458363490377931,0.029531707497269157,0.17297535655762616,0.020212475997193023,0.011462217129654818,0.020611180578680905,0.4031949384328486,0.020076202993495794,0.007033101346162868,0.01747864160229813,0.01551023041017828
30,0.028508143118613175,0.02361934030901699,0.016763906183265575,0.022459243742697255,0.023328122089395404,0.009666714363775586,0.018775047013163026,0.03040392982903189,0.017435319057398542,0.011949017525217178,0.03211063561930229,0.04689687829566806,0.028026004751827885,0.0178688611206791,0.008849245536666363,0.0662092944551855,0.5023677194560283,0.032444172814015425,0.03896055461813574,0.02335785010091669
31,0.037157042649053125,0.01729720741745609,0.32529024978188875,0.0611177141352298,0.019311003582123207,0.016931125533625954,0.01804224136889086,0.04907385359973438,0.018446480162797322,0.02180086728240491,0.035103861127589675,0.04010448872080067,0.008096059444251139,0.06326196057304286,0.005580442022505578,0.006811199718146345,0.14429287752740833,0.021471814000770924,0.03999956159346043,0.050809949758819674
32,0.027332671176112024,0.03247051506778039,0.04296236822788346,0.07419984469145077,0.0185477676744372,0.008217297279324761,0.015188532495350827,0.05792702990786847,0.012111055350656551,0.11225367501234516,0.0671631413424517,0.03737493287073717,0.019870833627721494,0.024570699420398454,0.038440931506176605,0.028530674904397518,0.26742425480318127,0.0728043979931297,0.029214130317682965,0.013395246330913537
33,0.043751526063349803,0.02516463979035218,0.032031743045823825,0.06137688386508968,0.03451743590593501,0.027918239194607678,0.032296944313280576,0.039720673747223476,0.014446197618461715,0.024697218500716368,0.024650670792899176,0.017856297486864268,0.009608458589016478,0.042700932156959,0.009443991556165678,0.009298615865789577,0.01770533409886471,0.47882178569745365,0.02822844153346802,0.02576397017767912
34,0.01475097065404401,0.03581648400891833,0.4670321937490884,0.04268120838114255,0.02545800546534187,0.03358924815055516,0.026665562773970378,0.024478995568201305,0.015529884551432597,0.01602683621170868,0.047877812800779254,0.04711769936054268,0.019484922318505,0.028218189601761447,0.01356586969207844,0.013619237629844665,0.01817342749882381,0.018182578211940234,0.036488488038670025,0.055242385332651155
35,0.030956228552850035,0.03230950389460026,0.025262082875707456,0.028207483078503702,0.01609693493615719,0.010498465755756536,0.03374699187601324,0.0401813447620222,0.08024127899841071,0.018837482640540748,0.041105544197710536,0.0691431249900677,0.03130125019061333,0.02523229743574607,0.013172485898619178,0.009723591080063496,0.4372079406986399,0.017589683859470344,0.02074044534127759,0.01844583893722982
36,0.10715289489200684,0.02338746862629087,0.021677619554345974,0.015600986364398394,0.031220302544359025,0.015008225582745024,0.015497806383101038,0.32933065850225596,0.013688551881989497,0.09149762276292736,0.05201259635523095,0.01377283533428112,0.0875495924643597,0.015191500698179556,0.008027487902509059,0.025153649401860056,0.02441742422542808,0.03717484613857398,0.02194983167583897,0.05068809870931861
37,0.012852884589501014,0.008301695714499218,0.05387941412174273,0.028386363588414485,0.01072056215503657,0.02086709999880194,0.0025568032354275423,0.0520371621494612,0.02627230792504624,0.04849746532682133,0.04170406733608648,0.03293050320344632,0.0065784073116997785,0.07243307802753357,0.17284348406889552,0.23137995619055954,0.09102436205006123,0.007099143491663857,0.01931329903043407,0.06032194048486738
38,0.3488177528990449,0.028155166325666215,0.051229252698058086,0.14458443355438486,0.010963099683606523,0.020372295092087846,0.01534297352751347,0.006615916116279489,0.029575509692156072,0.016447061664757682,0.024537847943128435,0.039811954597277266,0.0050116189113795055,0.051147798369911686,0.027905527167816285,0.058691624757837874,0.04094229288264148,0.011682814769826477,0.05145803542981395,0.016707023916811874
39,0.018319390741069145,0.029252583212945195,0.02798054082431758,0.050118412527490906,0.028390039663873035,0.015466022493417464,0.020342842372251223,0.021965483476840995,0.3485842084204936,0.009170368422662506,0.07922159432406257,0.04506296919709094,0.012003116513986506,0.016500243370260886,0.15804549596472262,0.016662805060988897,0.02346515681488378,0.022448120995449516,0.03322653969844598,0.023774065904746688
40,0.04866414860010081,0.025725286382589824,0.044304605292252185,0.1897333508942142,0.01725968289809294,0.07144233307522327,0.03903024807054633,0.012343966209288081,0.029899135917560743,0.008325252262509943,0.03020199991282945,0.27810352913128,0.00999462045237151,0.06018505134950957,0.010192386363851419,0.0480789560008517,0.009371142879984473,0.015857383500734512,0.0306984875068422,0.020588433299366864
41,0.07746176168567566,0.026100607180279248,0.020649788856213824,0.043762990233097425,0.022203134895597252,0.052370381998375876,0.026540572410369948,0.05731351199492445,0.023364770837328592,0.0492561167683306,0.04603984813900293,0.06059284179795748,0.01944140398646509,0.0178434214023101,0.014906143848078545,0.0198458863470336,0.014806215865425616,0.3546335641510763,0.02740816078902693,0.025458876813430512
42,0.0499240174684533,0.04260298995725573,0.010585928412419418,0.048026418378174285,0.0524811359822343,0.02382767649276577,0.022075094281628533,0.053350060603633016,0.16908968050453044,0.03880811324516833,0.04986701785842366,0.017271755065781325,0.16356011319461902,0.03706200426361387,0.03413593613146403,0.03863465181878772,0.04993140966000278,0.010121847801393122,0.03923519800363051,0.04940895087602088
43,0.046575712313010276,0.04442706235476415,0.04317549965821017,0.06057267420658089,0.030247024512915142,0.056275427668919374,0.03257814065415296,0.04997588703318562,0.05168746855972477,0.004407355883232747,0.05093484468573075,0.04974886936958153,0.03837327934728174,0.043194005842068055,0.02500155167621712,0.042359823588414794,0.04224058141659922,0.18523458171895463,0.05614749518644163,0.046842714324014434
44,0.05334794310469704,0.025627033599825717,0.03043326247944309,0.03715213822142914,0.08008271649316216,0.030170799864397833,0.03439876992082918,0.04000207449890862,0.036117538780909314,0.015795372748069827,0.04656205952257668,0.013924109317915424,0.0027733466283880333,0.030263436654062344,0.01506370773746095,0.01770391635875266,0.38699697480882367,0.022411719575871996,0.04077833241878974,0.0403947472656866
45,0.02807450313165233,0.03212366250621969,0.05308682792715832,0.036519131646329445,0.02989062982565264,0.021543838826430864,0.39740329061480006,0.018603901059388788,0.020387483850145813,0.015875253541376127,0.02819735162261497,0.03991670487629094,0.02455715699860503,0.061028105281175235,0.022610502536182027,0.051513304945091945,0.02437445628735774,0.01831158653398285,0.03886468779050015,0.03711762019904501
46,0.06816672925946403,0.0335275144074647,0.051271503253988,0.02430862632895876,0.048268172922070196,0.017757321297458557,0.03352272230753679,0.0395003386676857,0.02334287153115981,0.06747900284984834,0.08851579546042451,0.025271983590860293,0.021616805183251597,0.032041653371114406,0.02875488832705462,0.2282429071767614,0.02041637439964543,0.0236915225006951,0.06397740960054493,0.060325857564012826
47,0.05086704770848248,0.04548740589389145,0.02083321097777133,0.013590946257068245,0.07713357770099341,0.004674360829509004,0.010269146152681997,0.09832461500803315,0.06109629972472002,0.04398915858973861,0.04193288599298702,0.009227002045433662,0.0033565846095505855,0.04151003091289958,0.04641958126427696,0.003481146553732212,0.01694729335535521,0.14781359284294612,0.019999018099340495,0.24304709548058845
48,0.0152582501335597,0.012749145723847792,0.05049063210649525,0.04013720390562131,0.011167013576782393,0.03345332464309309,0.016158829950085784,0.01351903957550195,0.014529377505048001,0.011690681109816229,0.021338941956534258,0.25142056323050094,0.01333596240075505,0.031713700732170585,0.014354635278140094,0.20813763607499594,0.15606867011545242,0.015203878774385941,0.05688426417416756,0.01238824903304572
49,0.014230578573884036,0.018615656827166385,0.022872736546279034,0.033887209353004634,0.1147287713947799,0.00816019393889002,0.016369024832565224,0.1192847040350649,0.019056515518953834,0.3883833757803026,0.0471996670478996,0.022203424915565196,0.02328395731156545,0.04230905122299786,0.01717523894197765,0.01776464318272519,0.008366019745111216,0.020429600751409812,0.021840481805075147,0.0238391482747823
50,0.036118956397507875,0.018156209844338078,0.015630559604391654,0.018266848934501662,0.05037851114513939,0.011065382307753112,0.01591410681573187,0.04760969870117279,0.029791594150994173,0.4671202712542686,0.07900051451583649,0.018319720736141923,0.029962791445240465,0.024775095616624863,0.006178347913315993,0.010538656652363546,0.010846847580164631,0.06248768897786663,0.02738041066258144,0.020457786744064874
51,0.09903943214488684,0.21682570603066997,0.02996995086308749,0.13324740756742848,0.004459857282102277,0.0157922446434715,0.03083738227388285,0.1457324653812535,0.0620037422271582,0.011207827875902215,0.009127614368450858,0.010423618285822113,0.002730244055760649,0.021078813699310944,0.003966965982193291,0.013299828634305013,0.12166462811327636,0.04045131779454575,0.02356593368188379,0.004575019094607957
52,0.03192567662618346,0.013380512520882156,0.1438710488430856,0.10758056144086668,0.011409739097979273,0.04474855299561686,0.10649202281065134,0.02535111258582754,0.07273778235515353,0.025025430047469602,0.045714976162562655,0.017219421095455347,0.00253097550446788,0.011054828526359256,0.016717378567790372,0.11383519762071707,0.06484975617293631,0.05950722153958616,0.014241791180820062,0.07180601430558887
53,0.0798997666343504,0.02995194117946785,0.015430071291585983,0.10927585227711997,0.029097500907780228,0.051383473600003504,0.053016698595514944,0.04400892660265514,0.034077983608322225,0.06326142344391812,0.0122636383345585,0.0443848046749984,0.0028320559937696286,0.0793661048990807,0.04863393007260056,0.08730331049428143,0.11963305447172425,0.029923560267671494,0.015407232139440112,0.05084867051115655
54,0.18986107585948625,0.00946354719169421,0.021277428343035167,0.01687252425096289,0.024267909967526743,0.007858069063141338,0.24943005697782306,0.007323986877413239,0.007645274713404315,0.004271492357860866,0.027114198271370668,0.054212805824965404,0.021548521780381986,0.014459763451881349,0.05663867414056925,0.09307859402352217,0.036143695835880105,0.0282194421846436,0.03972596578322859,0.09058697310120878
55,0.011849525464340574,0.023195786053485774,0.031948262771809025,0.022086929873859587,0.028004552210838442,0.03595019237775707,0.036477416802060125,0.04881753728782563,0.04647381839077061,0.024697743472392262,0.032819240531187344,0.4984646591276071,0.014332211328205068,0.020487438744974797,0.009502585857069482,0.03621178975363222,0.03291630629714574,0.00999778928974792,0.018169063992292518,0.01759715037299866
56,0.05851210316411173,0.012657006709409252,0.03382506124754639,0.05266277171330033,0.010999716159341753,0.11940148191010178,0.26162102652759084,0.012910358628922376,0.04652877864977026,0.0031619588046141694,0.023478395479487553,0.06401336383323962,0.009787297868520974,0.07516712609232927,0.007793024461891547,0.10588776763303873,0.007502874561807559,0.006215173396785251,0.041797811579313386,0.04607690157887724
57,0.15675189224925384,0.011412717373180083,0.023965472510784434,0.007959807920091625,0.011556657448327208,0.00683319977326404,0.19766121965721578,0.0034381467464850816,0.08425882898553562,0.04717353950237471,0.012448468039664607,0.006579616186073982,0.003996917974908261,0.05643361655334497,0.07627103950278066,0.004164733032185832,0.0027036233054669487,0.09684399396432582,0.022099268280780935,0.16744724099395553
58,0.014489329992461157,0.01945183068559696,0.02101098676327586,0.03679333097034612,0.01533895990213694,0.015404774014880843,0.012210823853460064,0.061021526554810177,0.05278178558953407,0.4526838185013781,0.06401111043493939,0.009531477135451655,0.04350076266833279,0.021579173210981524,0.01720843885689061,0.04132651605953819,0.012566499734315808,0.05117482508155269,0.022259332549461726,0.01565469744065532
59,0.014235817339212167,0.4998812361886103,0.017649455520224313,0.019600442529400883,0.04810375325789252,0.04756116449319851,0.017464205252919113,0.010158389298314651,0.01764962615365526,0.03263381999096269,0.02087318198058562,0.024356116208089782,0.021761450397316723,0.02717414858400665,0.026485611996667734,0.03178819131884352,0.011695242124267282,0.012956629336403267,0.05820203626494901,0.03976948176448005
60,0.060452593324030364,0.010565028600196948,0.025418081037088164,0.007520451592691292,0.051934292393076883,0.0032958253732598935,0.04207813315466801,0.0018100859107745336,0.10437028785391442,0.04111307090979677,0.03382264133979311,0.10089642204698587,0.006286290875474042,0.00863928786366091,0.0978634611894751,0.09805357409678589,0.11111425763979291,0.0016208978579555445,0.0528227008069543,0.14032261613362504
61,0.006788771680522924,0.00818347446900962,0.02474639688418113,0.016867878640553596,0.03712055950724523,0.008300201913379227,0.008135330132810875,0.20788712743888027,0.008498940397143485,0.33798497241972925,0.0753525189930667,0.006927547778247898,0.004038581012839314,0.011562490739311457,0.0037791062440934256,0.016011411046319663,0.005353984203487639,0.16189956101173616,0.031258562918542995,0.019302582568899142
62,0.050292464694696955,0.005333733063678559,0.019037268450853125,0.02696744696054957,0.11951923839491514,0.03549650997781762,0.030729176167228003,0.003510331300943273,0.09154127747912924,0.006333968366049443,0.056963327310279144,0.1737806040381819,0.0068550154224936224,0.029702407613295963,0.031192840065689485,0.04065861120163833,0.0219655783219825,0.0052710729240226665,0.03495068806271341,0.2098984401838421
63,0.012742705704699491,0.022094809087610832,0.021238898195814947,0.04915488016943826,0.01883274264630941,0.3941596454909089,0.019483381343765045,0.023067628580629863,0.024664607847469683,0.00992689952090732,0.04314646616033852,0.0404907232169535,0.014274467329535028,0.028680834171674566,0.033818138280696186,0.1203714214490796,0.01505927565383884,0.04367238899076896,0.044685961649862806,0.020434124509698223
64,0.03855625586194817,0.005294915408586522,0.03700484515639049,0.04709318420841913,0.010701886330089526,0.05373976613507166,0.26124737622686495,0.13212450995955657,0.017078729479828757,0.008832056200058636,0.08231281496158326,0.03278650235368995,0.009125417087319797,0.048968106090577876,0.030437018080362987,0.03698738563735858,0.016891228229716653,0.09611710607746117,0.01767917267303019,0.017021723842085147
65,0.07111978904692316,0.0032664576157574927,0.07793985888927932,0.22761979481707598,0.006654483226975272,0.03770289673972177,0.009264720976915341,0.011788498305839161,0.06480944127278063,0.006794011924566465,0.034815185441626526,0.0323180229274888,0.05724627166323475,0.07139635237035843,0.031702160501104804,0.047166636874592986,0.058636661566305544,0.01707562463568935,0.023998484272371595,0.10868464693139258
66,0.09680952015871629,0.021615646354572242,0.02598839563584179,0.021589264628743603,0.03235253420239622,0.02100860703937023,0.03770184545270779,0.01741790644273829,0.019416021790811297,0.02223345943128415,0.03514928923337554,0.02351261306331292,0.4582082239541696,0.020163613100694477,0.009417940317200738,0.01940201930857388,0.033914088033232065,0.017642290755883142,0.038865502646440085,0.027591218449935558
67,0.015190801349508704,0.02511244630202827,0.02150685713720153,0.02425070370090837,0.07743902574626126,0.013068863661359396,0.015503254124050465,0.043459233229616485,0.032936552477095815,0.38084757434325384,0.051016029034570184,0.017224357030696028,0.02980130453066443,0.02940275341102901,0.03516570769937764,0.013944961998475565,0.01593592520424398,0.1058220975689779,0.03524490947407299,0.017126641976608126
68,0.052170480894788054,0.012016889676589594,0.11076426559152598,0.1041378222244061,0.023475512182672888,0.01447792973792363,0.04873292918289471,0.04697420213557376,0.02090477811425165,0.11071925381916535,0.0877321323075408,0.0300609330008015,0.029521528672518234,0.07149171426705468,0.02375107916993322,0.0347687362728558,0.05704547228873204,0.03720947852646025,0.013779354611051729,0.07026550732325999
69,0.011437800525248098,0.019025023042041008,0.018552426276924223,0.0472431901753359,0.04997138905071016,0.013374282145894123,0.015604754369872033,0.027935889413209635,0.0132069876667452,0.5242762607949437,0.032176506355297396,0.06451049722105293,0.011482381076458903,0.01804836914008293,0.007872191683358142,0.04105337730110966,0.009446482541089296,0.026512170854286195,0.027714455974105958,0.020555564392234604
70,0.041829329207157886,0.0088638415176954,0.15721367221621124,0.08246814835352152,0.04781092647572028,0.13329038702290866,0.0643664462567891,0.021901460044583668,0.02436877324028652,0.03537943449745516,0.05706729702085754,0.09224343550644704,0.0017583982930630692,0.1068544646116325,0.022651946661806,0.029229163999994926,0.014482084262302,0.012258607467358875,0.015961612195392907,0.03000057114881571
71,0.006312534551832745,0.006422366606460641,0.005609910995480963,0.05621834614693744,0.020476782190098634,0.07448042030737478,0.014862416701989529,0.02948349420842173,0.0401749266896232,0.04094844463717073,0.050062418043499535,0.02348810387359612,0.2599563070123949,0.048680550433965464,0.015470175432025545,0.03343613701946718,0.04235685932415216,0.04175963691671096,0.01240825469958887,0.17739191420920888
72,0.012653902572247702,0.6142334291306152,0.02173615797291062,0.019808066251313663,0.03901273005172127,0.015656979231685374,0.014071710864096565,0.014314937416535096,0.019704353884230686,0.013954086901825312,0.030198847692191163,0.015985145742418473,0.007087189213355185,0.019576942173335974,0.032878544570633474,0.02920753669619716,0.011030215597694704,0.012934105491146375,0.02146465091813796,0.034490467627707994
73,0.0521872933127424,0.009578864414859166,0.08854057169966892,0.0437934734663109,0.01959729681202272,0.052221513970420255,0.01638127716478493,0.00759659771403854,0.03078307583475267,0.002481457238921197,0.03164791965377481,0.19915723319222287,0.00888800545463044,0.1473238229058744,0.007341253516162446,0.18244597221710154,0.04345850667320311,0.004588641186700995,0.02208948671844352,0.029897736853364255
74,0.006682373343694499,0.007148901444276615,0.011931460269918086,0.015660326685762962,0.13424602724601037,0.00644729821671521,0.008067291960945366,0.2938074532017692,0.014235133623401605,0.19596216731640603,0.039024307849571664,0.02083970323506997,0.006400381384265723,0.009565260929215683,0.0033244786626373582,0.010334912929788128,0.011212354942425805,0.17986114597972763,0.01828384798304058,0.006965172795357503
75,0.015444961151777906,0.02089322025797798,0.003856903678026285,0.005081959362458541,0.015835585698150963,0.007529747191948562,0.07362438856724803,0.08676533929119265,0.031009229482913486,0.20862120595986058,0.09403393504823405,0.03102627300227815,0.07325757857511878,0.048170651864966114,0.009578391378365834,0.04889170428280336,0.1285768146640175,0.026920973036101775,0.015110276091506511,0.05577086141505298
76,0.05637146203990769,0.027331003545399746,0.01737173653989519,0.0473518385860049,0.027670252260389567,0.5190071430613113,0.015104517825497899,0.015207689038028898,0.024631195189127653,0.00791286321892132,0.03364268963309917,0.024070771182095607,0.011503316569624618,0.021469900356511414,0.022807846931500734,0.012132497028568992,0.02386869672918684,0.05147640951448086,0.02189678969437251,0.019171381056075066
77,0.015925521130375653,0.045722972164704244,0.021235934543375246,0.03898278593272898,0.030257056959828173,0.06284987256360257,0.01643075092650143,0.016210497506767757,0.026110091277357306,0.05075428860059946,0.021297480083872753,0.017858353595970263,0.017013242669186347,0.059901021827441274,0.024755221636665284,0.008811265748503468,0.016881891419832293,0.015126173500965831,0.4707375383972436,0.023138039514478057
78,0.010337491035645454,0.017677682448656192,0.019252992146022666,0.016124067879361423,0.04517210165710507,0.0065917815679665676,0.04166177827601872,0.06685381550784397,0.013130015234927612,0.3312472582328332,0.04884795566265384,0.023953561491468454,0.04644949108849509,0.019738766038371075,0.04525237700772214,0.0071244792173982135,0.011160205466447975,0.18847832880235907,0.02650968729538335,0.0144361639433199
79,0.006759126671123497,0.015764542865262313,0.009816529580576315,0.023007489523212642,0.03134323613971222,0.0059718254652880685,0.012275365675053686,0.11036471563821781,0.025730246767600266,0.4592184612349799,0.07317661696852405,0.009537232727305982,0.020456836259725508,0.03687726487900888,0.013733706513514122,0.013845924370891936,0.04741321510092436,0.016940225351726252,0.050441324132122135,0.017326114135230084
80,0.09773704105974504,0.020217106979682445,0.016785512661605134,0.026261811061251483,0.010286537444494901,0.5133983028793268,0.013186170109149643,0.010974962257648472,0.01594143619768791,0.00484943027891935,0.036057422289368285,0.0138692064597572,0.006950287712607809,0.018722540992233354,0.09773656318645634,0.0067780624011991985,0.011424424655121059,0.036014725465458024,0.028996182383928527,0.013812273524359117
81,0.08433691726587096,0.027246768614586848,0.11497485824010187,0.02368571392049612,0.015608310592957043,0.006504275437670876,0.11844908420400675,0.016729725334277655,0.030526704621740664,0.006807913622477235,0.018639091600164224,0.3474718380863312,0.005026005831187218,0.01587813734474239,0.005565415752642568,0.08991242302400092,0.02721798475362783,0.012383631960464441,0.012965704691543085,0.020069495101110182
82,0.017643699468723583,0.07123397711572554,0.02799597030992118,0.015843955913546603,0.014906860157064963,0.01161882245754393,0.010002177158046927,0.018601271156373975,0.016747314194465478,0.07154499075092438,0.02132476069013218,0.008629987517752371,0.5507472349365793,0.017187010578557118,0.005616615045214644,0.012211276698695454,0.03837056350481289,0.023758306212025564,0.022536746765354235,0.02347845936853973
83,0.04793042907485891,0.035377548525367966,0.02696810031096438,0.24790516993178,0.03831976503987737,0.04085852082199799,0.03515306759653013,0.011146255318605795,0.04937099109702466,0.044405327150298476,0.012267243486284943,0.1208379251133991,0.00426248239251786,0.047656324220354165,0.0035328136401849087,0.043208846716249846,0.03376070502590077,0.021254480195976543,0.10823179108613294,0.02755221325569326
84,0.013862619640134681,0.5022173037154051,0.02193372857595518,0.032369460015328096,0.04711151267227224,0.019038235191600545,0.02052794675279479,0.041453786319607736,0.02095541487348657,0.0064663850891229216,0.04147903883875617,0.026378601728791,0.009638175655462837,0.019476046980548334,0.017232736225016386,0.0248963095775872,0.021215930381964426,0.014730902064159451,0.05057834323305499,0.04843752246895145
85,0.009890127628565277,0.015459617946714672,0.42674379958417474,0.1454762367717465,0.016885819179230547,0.043487958497697043,0.015257132024158716,0.01702671224353004,0.015672296559369768,0.028659670634851243,0.03767857551379866,0.04989017777363981,0.007106815767589704,0.030426870676722388,0.00894906489384935,0.010895616419085749,0.010509711820710652,0.02651972511661117,0.0360604086106507,0.04740366233730316
86,0.05339519026564324,0.00505534367809068,0.05721973817794767,0.07052363964250903,0.029910065436334527,0.00950448927090225,0.08949674986534896,0.031021061941277593,0.015736605636287617,0.12779074680478367,0.0849043227469868,0.04335557452949719,0.037501468589225664,0.04534393788067129,0.016361718187134618,0.058576982489939,0.034262591363009486,0.01915687091872535,0.03992595359635978,0.13095694897932564
87,0.05203483852675225,0.01656499477422054,0.023815800810872968,0.02485269710142602,0.039357128443077635,0.010812740757593446,0.008963717477437941,0.2098564337142764,0.015961545443142017,0.37594798480648245,0.05127332813054607,0.012941835741069841,0.021265488827350926,0.05071882692698679,0.006300933513868764,0.013442726038148172,0.007250298159355023,0.0161750597559757,0.024514104413061885,0.01794951663835509
88,0.07623292805481685,0.008529744785909413,0.016293965792785164,0.052598195907763455,0.06826644410247859,0.043313828581002786,0.01495223114625598,0.05404726151798041,0.01710339058131711,0.20684283830154182,0.04947955271497534,0.03432024001971417,0.02555753095200659,0.03480155667879409,0.00902501601231143,0.044349420291239006,0.04600646776020188,0.10704048502281492,0.01499131203209127,0.07624758974399977
89,0.0524826554699167,0.005457406540703056,0.10503275574435432,0.009478021513431165,0.039523747038787735,0.07174729031860108,0.04520466233119186,0.0625399389756522,0.012029627512189202,0.06135785738856482,0.08245761385254577,0.027628432076842558,0.05379203257254264,0.0279378626002828,0.007359002146693837,0.043380197425346656,0.09420409594681257,0.08486017379432532,0.02659751065669828,0.08692911609451741
90,0.04377586390989477,0.00324530216047976,0.046899854457199776,0.05476767307053915,0.1987675014273579,0.00541308150901051,0.057566461003679584,0.04492682046954428,0.00373791155509697,0.07904880987178166,0.008502983211629386,0.01800249074317076,0.03057644067319489,0.016267247364840785,0.033563226137042775,0.22627330450746844,0.06718118253607253,0.03727163872227716,0.014390403167812139,0.009821803501906713
91,0.04764248111411507,0.004519596325190635,0.009491770968471874,0.20524053414951496,0.03088821061501162,0.007919999651250053,0.041400352293730576,0.05212912662461898,0.048776525930493336,0.046063725504328634,0.041665429265678754,0.14192176527602693,0.006684042563060003,0.06744394617216379,0.05151830387987,0.05392790146002143,0.04609759235616418,0.021761614696581656,0.03211453122392234,0.04279254992978518
92,0.0065914327069240145,0.005800847956679103,0.13933965488927874,0.09778211285745092,0.02655003904700249,0.019650645425710583,0.0031814588834980038,0.010027315570612247,0.016122902836898392,0.01829577140816819,0.023280346091069874,0.033721594085854165,0.04164576474774458,0.31283315316702354,0.01209457789218538,0.05853042330582625,0.02436478026815937,0.042286692984908295,0.07390703580524591,0.03399345006975996
93,0.02849901237343496,0.02445133410635396,0.028197200976464363,0.049202954827817225,0.03719721849185901,0.014237882027715313,0.021554318989673374,0.017995524015091215,0.017925268752494967,0.05998478464772678,0.03824156622393216,0.035674405715670016,0.013169508949732076,0.019400955781426494,0.05828614868532575,0.009793477339002477,0.01766422994905653,0.01798187087859002,0.433943637248245,0.056598700020388366
94,0.05508859586188057,0.015714250977511626,0.013296954878567425,0.011800770366009777,0.05547967443052358,0.337960116634527,0.009402680443432142,0.007346184721464745,0.009749165531960034,0.005513596400019556,0.01782259121127159,0.008823636990463218,0.07940316949604842,0.012545382590663274,0.012930349909492697,0.28925990634252907,0.01728649310125911,0.008716869656901468,0.02486494550055162,0.00699466495492302
95,0.011202902436879368,0.04457658084559648,0.03223568517841669,0.017880777872858616,0.02589320566741586,0.019576359953251535,0.03178052817048722,0.01078060256081791,0.016353324251603386,0.00801285164592909,0.03042082189198188,0.03238346613297232,0.019387068287191184,0.019242326620752075,0.007170087014030473,0.03025156742973515,0.009388382019596629,0.035203638394239053,0.022570825089879787,0.5756889985363653
96,0.007734701835725386,0.017017410460274565,0.030862363049609483,0.01154438146656471,0.050467771109814395,0.007811102626727137,0.025693147682274917,0.34387709622047596,0.013184576266501838,0.0672422721902462,0.01783054076767026,0.045438946932260985,0.005382222986295404,0.018743321559092564,0.015805090183054638,0.014265587741513139,0.03350533449136635,0.23337736846632648,0.01730169043730498,0.022915073526900632
97,0.07918547172676725,0.021746827892653243,0.04076719499846791,0.059480060762264135,0.025590344429837666,0.013197157756142082,0.04609381729548917,0.06227075878923922,0.012052662537339949,0.020107528278872994,0.02997538582852134,0.026229628531519642,0.0055308186433646565,0.011761215046087353,0.014730593601804808,0.02095244290033676,0.01958396598070667,0.4527688523386311,0.026713622944420593,0.011261649717533413
