site,A,C,D,E,F,G,H,I,K,L,M,N,P,Q,R,S,T,V,W,Y
31,0.1869037379270027,0.048311481664466215,0.03838399724494876,0.04645407807196337,0.05503778358815797,0.015864877901472126,0.042649695306997214,0.042732317747467094,0.04227843033346644,0.03569525140617029,0.052962782341847196,0.043299612526988746,0.03636300650592574,0.02111652772896389,0.04411309539936543,0.04159919779851776,0.004500817506671525,0.09620523731752968,0.0543915902187164,0.051136481463361624
32,0.0898921957205586,0.029779135491432678,0.19105293253422123,0.01949743368351585,0.0030793831612662883,0.3495295580899793,0.029132878213442952,0.007850575355458725,0.00357197385112374,0.03066571261619858,0.011291362208660784,0.0023780002010796784,0.010800169885251214,0.0030820098382508994,0.001307036261577524,0.196327151374361,0.0004248443259317049,0.002610680224457691,0.016764203191247117,0.0009627637719842907
33,0.030085311573851126,0.18231676030462113,0.11998660605434557,0.025776252471531362,0.0001331096615434483,0.012086043408536938,0.021989291980853677,0.004797436685080314,0.04914014942224136,0.0028997587690293854,0.0011277448470560873,0.1373218978911886,3.179941431720057e-05,0.2074273241147522,0.10260565851207797,0.01810821100467172,0.008807376961732664,0.002494124967408954,0.01931317408608494,0.05355196786907548
34,0.0025904857592777483,0.004094368574681329,0.009951454723554111,0.24210530879801223,0.025058208716585113,0.01115333780866345,0.0005788851476621168,0.019495479336226796,0.03068582755612852,0.10795988080055821,0.0227904307808553,0.0014918893073756756,0.035063572728458586,0.02040894179283034,0.11341847672155775,0.03590960523926696,0.14238034448981662,0.0021021606390406126,0.007652076765669019,0.16510926431377967
35,0.00021311190449552856,0.008894044028770807,0.005302168889610524,0.0015997020501222021,0.007490701987882923,0.006203995693108322,0.012576057006864882,0.0008740743029391276,0.001879682526913302,0.0007310606920628396,0.0011363007228867555,0.05357073837683739,0.012546136785663924,0.0024804493308928453,0.004312122882502248,0.0001769715234203577,0.0020433174768445723,0.019471702879205334,0.5711056910762253,0.2873919698627509
36,0.015507360249904468,0.0010364863838081813,0.00048480354085469806,0.0034798777980773886,0.0005414405576503994,0.006323206487979544,0.00040105481162325637,0.010457621354822791,0.00032106795547611,0.0006819993639291815,0.0045646312956131325,9.27145586433111e-05,5.067715748538883e-05,6.615657492297471e-05,0.00023113250837482002,0.0002452373112467624,0.7889936696935406,0.16254297000299478,0.0031462787079645626,0.000831613685087763
37,0.009972784701013818,0.09022159062163931,0.002358041443261263,0.00030487954659198313,0.0008383684252810878,0.004387493569821099,0.000944803614247241,0.04203606042484161,0.02463983212598203,0.01068529227409236,0.007246217102612889,0.016285359913466323,0.029054891112818882,0.00017482415601795189,0.015344826445233897,0.0764351694686173,0.6505334257158822,0.000420318064868976,0.016231728430722563,0.0018840928429869647
38,0.0009543556892090439,0.0053895860768203765,0.00023891866042762678,0.001968812356967909,0.0012033309536471082,0.0018510265590511816,0.0014565263098049364,0.008096354415771615,0.020347758427236948,5.104851159872817e-05,0.0020122607531738515,0.07262466319001488,0.00011447274793732454,0.12746515367510938,0.002768433316031916,0.04794822853661577,0.0005398236906794904,0.7002164255126864,0.003829466415321106,0.0009233542018942221
39,0.0036209356822187767,0.013027358514687132,0.0021478269691669726,0.001065188785847059,0.18193523457384095,0.005560117762062475,0.011924965465472986,0.0028504427563592134,0.04447178323278083,7.688559595713525e-05,0.00896469037852853,0.006051425651608964,0.005115937637781095,0.0006530919681201478,0.005944731351420616,0.040864601219735355,0.0033697248660667055,0.00026488880368222067,0.013983432814806714,0.6481067359698562
40,0.00018210289800799667,0.007721421603313744,0.05931126124872344,0.06781257554062729,0.0015173410293687966,0.0002688793269927424,0.0010157151105067697,0.0002941540650575794,0.00021980232794522562,0.0013326066948305426,0.007552518696552072,0.006216495062955973,0.0004923167758458268,0.0029745653201299644,0.0020507507214056592,0.0003086533646530156,0.147462118994257,0.024973317185770564,0.0026345960923646492,0.6656588079406911
41,0.017380989117109995,0.0012189872759060685,0.0036125685414958946,0.015730536104291905,0.0003040967600451247,0.8438601412079803,0.007663307418682589,0.003433934587529895,0.00207300259239777,0.0019486787851229,0.00043320043194839774,0.030366266568883353,0.0014256163202758072,0.016194293193448714,0.0017814191878450325,0.004392144201637451,0.0328239925824462,0.012797715125245005,0.0022666152557984996,0.0002924947419091198
42,0.014784986307058793,0.05863186015822002,0.014313966225851519,0.08522460456888731,0.002351383482110749,0.006677170083411129,0.010056085056702685,0.14681521132250405,0.0018756167390632525,0.0013079557737060172,0.003928610686731875,0.016834400758961688,0.006471476738097252,0.016788504448745908,0.0022664119946925534,0.002144558065780195,0.008031818590339697,0.5910513670583618,0.0032694848446620777,0.007174527096111421
43,0.0017676806140960535,0.016807436047180022,0.0027197955498866433,0.0010208723823696272,0.053121998996649704,0.013131143539869784,0.007739159021964811,0.030600678152234006,0.016807155688646564,0.001825648607073967,0.0031479296401785333,0.000824373771284553,0.7487208837993105,0.03694872687180001,0.000507903711445254,0.024512195472463097,0.0007260821533894545,0.009652205706309761,0.017550832270142015,0.01186729800370557
44,0.010515562145898175,0.14825967951028676,0.0044664657120992695,0.0035005677286743483,0.001824552168664924,0.0026709098423541846,0.00024241188068526817,0.019155168286864328,0.0833751734286599,0.0027407194212417624,0.005542468500348302,0.010209098763192221,0.00041770245956115144,0.25115322151937636,0.008631174849847479,0.04258487687825776,0.010674279485549295,0.3849152853067404,0.002055059858040073,0.007065622253658029
45,0.05311143728441124,0.0008166704575575517,0.010835814629113085,0.0025976501272881214,0.3429705663254192,0.003209712933729316,0.0014050117849119593,0.002509597145431676,0.012979803414777473,0.001268833494731882,0.009280353727008599,0.00022016901433333434,0.032353796347333943,0.0028964565156800355,0.009785518453689185,0.022889986040572966,0.0019069823116493138,0.0005798525938827759,0.43121917179712116,0.05716261560135715
46,0.04206023952158347,0.6677439519163939,0.003822478214770749,0.013722034357629843,0.0016566783291833268,0.015504788127862526,0.000641614767816204,0.011772430366429082,0.0306943811196064,0.03344750612665944,0.006239980263670974,0.014424952971764724,0.0026508867700427755,0.035751151113448926,0.0016764341444141207,0.007582620692440807,0.007220097557870842,0.036527126714529214,0.0001876371273993239,0.06667300979648325
47,0.035713953652377534,0.002369221617365984,0.08607566083294531,0.48938021312546304,0.016649721573000723,0.008303646899308837,0.1810926665607296,5.786204219124526e-05,0.0001263016059360098,7.595794474639641e-05,0.0006457620191376686,0.001707904110352648,0.0660967336290887,0.0073394881729432265,0.028940340556665774,0.043290771672165794,0.01640905455178649,0.004330996415110973,0.009390254951998661,0.002003488066685393
48,0.16327184144421042,0.11640540503827984,0.027161615874746237,0.024684056875808727,0.0004963782604617731,0.054194087237123344,0.018960859176518588,0.00013108900151330638,0.0003999737017212961,0.00014293367001278032,0.024245763312935188,0.002918094723980869,0.00526013456214784,0.01369364051443169,0.0060355199228753036,0.0770765385352845,0.23242742021538174,0.003940789093657361,0.2148360028335233,0.013717856005385989
49,0.0008716835974059605,0.0005649960569383115,0.28712436898960697,0.034992994010379495,0.1471857839354819,0.008681085618730336,0.00018232255073203602,0.012567319217109338,0.003151911826418815,0.00740294898239345,0.23879740712712197,0.0048962840301144585,0.00563365791036823,0.050515884307259985,0.06671219412136241,0.05864414322785674,0.026773826036284722,0.02612865675701107,0.012673599809790905,0.006498931887633107
50,0.04275872937316071,0.02343237567589297,0.003062708550673891,0.016001993797534256,0.0049056107027687255,0.025082707370123598,0.0007930781251714678,0.0061113040140267,0.020403984289224446,0.0047569226441247165,0.02220773979699499,0.017198583804667763,0.18234141945291601,0.001566643074211629,0.0004100247796314717,0.03423931483825707,0.38396864544391335,0.18534620642997465,0.00908666461456938,0.0163253432221621
51,0.020751337976511606,0.08710943374344025,0.07023457985550642,0.04840884293392016,0.0007297098889167235,0.0048927280945383015,0.0022266082820776795,0.3336428628517735,0.0019362387456338067,0.019919731611412587,0.0044680122135162155,0.0004885955690082324,0.006464147254824343,0.03712936398701452,0.00030345191661190513,0.02591846659658436,0.05479495158010524,0.25931370750546145,0.0016781688846884096,0.01958906050845436
52,0.014130458556994463,0.030365392026613227,0.13144223436869543,0.003898559890936594,0.0029486369635260802,0.11098700295755684,0.006296208952079404,0.007849239629235769,0.003738643648951484,0.5902419773759707,0.012338220283171497,0.0034827054972779987,0.005276844757142382,0.008216301514760417,0.024594492753066535,0.0036674957667891745,0.001680446351754465,0.03495156353348724,0.0022398991652548177,0.001653676006735474
53,0.014162457134454147,0.0392935402395513,0.0040590758032652075,0.0038621584673988944,0.5002753087993752,0.005894743623525374,0.026402737018595877,0.028123005051546364,0.023144875918534088,0.006078820683064751,0.024785255739276778,0.0031600851806325584,0.0037560904839611295,0.005210627194683688,0.0458817281509964,0.0564395172077691,0.06318757971578105,0.09262190654781627,0.032530960937448145,0.021129526102323756
54,0.007919005611954978,0.8091203833732027,0.0030965073271231494,0.06535714682073222,0.0018741330009627555,0.0020576217755586923,0.04423792610005013,0.002597746564605607,0.02240838499629504,0.0033342126986395213,0.005315332981271685,0.0013035916835969423,0.0050274024489480925,0.0024074576976762115,0.002229554419775434,0.006215195265555474,0.0003844513072918715,0.00037411677641637755,0.012932663085700388,0.0018071660646426834
55,0.23364549380397845,0.021546165072755964,0.018680261246456067,0.01861968844689795,0.004185839412498961,0.1412226977335156,0.08520307194403957,0.001515830465898673,0.0061073231266591714,0.0008178540981183356,0.32428539297522235,0.006272580546804557,0.0008466283879853746,0.055711158969291255,0.002489390662967589,0.020353316003936993,0.03201110331106773,0.0050973026020072545,0.019506549762407316,0.0018823514274911642
56,0.05981340399973445,0.044778365988761164,0.01849727773471091,0.009839532536267457,0.002344036003045011,0.014182896954023765,0.17598206982965708,0.002743990851730637,0.011520265828429493,0.003604259400177211,0.003207610270120712,0.007301405797271391,0.003023621618293003,0.016792297215160953,0.05651611923657998,0.08848604439410457,0.02911068280872532,0.33428027000103777,0.004538349561303008,0.11343749997086616
57,0.12334528914879454,0.04222624540283815,0.052793860239822604,0.05268033147897919,0.04116866408420149,0.03353123624796743,0.05583072521677569,0.03629946311854502,0.05478913219321419,0.06579282867722652,0.039305753987358145,0.031094949784866568,0.09073310425373544,0.04530758221188731,0.031303068201188215,0.08495781746659822,0.03381282027673173,0.04316633855464274,0.03907028455951157,0.0027905048951153404
58,0.01810925546243845,0.043318649536639116,0.027575359446527246,0.053737491180180334,0.04501600038229975,0.18297423605005012,0.038413821761820566,0.02888158514669127,0.04270086214464705,0.09279577785292864,0.06502281660380076,0.03338857630858211,0.041328911747475966,0.03473277367913899,0.048720686372796286,0.08178084383679327,0.029859792872687765,0.03881288533680838,0.024753479838116495,0.028076194439577592
59,0.0599041628690734,0.04283443188480259,0.09289380011411569,0.03151551663147934,0.037934793872420824,0.04046198304672731,0.050306700208895265,0.03871930055756201,0.13275062425553624,0.004165984986375054,0.04288248024037608,0.033703541813717534,0.03188907005185035,0.047258357731373296,0.015590564867570864,0.0328098358495289,0.09239778478337801,0.033955552060350565,0.091691976517895,0.046333537656971645
60,0.033980312055054904,0.04038037210445752,0.04792705616855327,0.03840150036892675,0.15154331550101643,0.0022719263844111328,0.1678891957582084,0.046579164146955856,0.09582837494596003,0.09383277818962414,0.03834152696920635,0.04404410277033564,0.012360435392398426,0.04191904704607367,0.018921407813260547,0.020706213731083903,0.013736498948273902,0.02488202284423267,0.03516483678622208,0.03128991207574433
61,0.004160511196440909,0.006251665323869862,0.03542780849286359,0.11158634075100765,0.002148704439371605,0.03991440801516464,0.32697107052221425,0.06264892467213233,0.050702160459014885,0.08775811924130114,0.021110519576087804,0.03422977829213567,0.03123395800584189,0.029267066989542574,0.026538856789066995,0.001304249323321796,0.07148615963607398,0.015914790488018304,0.021657155526397902,0.019687752260132318
62,0.047476988562829905,0.036124466413404596,0.0260125892272811,0.03150061660436108,0.02212507482231848,0.08480972455513341,0.035462032893802016,0.01597374520259406,0.20569562742304268,0.01717350935125447,0.00022057533791266018,0.020708113817571542,0.34006879646371857,0.0147958815210049,0.0032640844611966048,0.006963045275172474,0.0020717006292576257,0.02992202841525966,0.0571765262920083,0.002454872730875914
63,0.04059289434439917,0.015055678401467737,0.0049413186133841725,0.024028028317845392,0.06634399302487226,0.0013004535056159023,0.030483507528909538,0.045015551195975216,0.124742748920783,0.004640154106497683,0.06490822157477766,0.0999283271777808,0.20647949377256453,0.002596636356747858,0.13442248124584122,0.019624623215279996,0.0392575302407742,0.051498446370310244,0.016341503323095877,0.007798408763077505
64,0.10188060869388699,0.03396572169558666,0.034337704359427235,0.006608742355986965,0.04633730745236287,0.012943763613101454,0.09015966125834718,0.00014779926569994932,0.021647775144176446,0.022710482602284143,0.03344614411186614,0.01137382727184139,0.01489758179685887,0.029888453865358048,0.054537648581679705,0.04022172796404161,0.27144184363914065,0.06688904848687209,0.0163484690910177,0.0902156887504641
65,0.04109453325712751,0.0629565709791211,0.0054704634404429235,0.005518754612547122,0.016302382278935965,0.005964196120122811,0.029762105696081082,0.006361041815154271,0.2162510919598578,0.0002444281763459183,0.03269748442131104,0.10109738576468122,0.014231267349996034,0.20300286403505013,0.04990081536439306,0.03190278128076885,0.06392921136938956,0.014646951876351913,0.01288279767798277,0.08578287252433885
66,0.08236870610545101,0.031179226178662665,0.03428310373262066,0.018900124501010678,0.05075221836919045,0.15206086580821565,0.005021583886219344,0.0018347873752004235,0.028140265688029284,0.016155650518896024,0.05792174025974195,0.048245892889440666,0.006958545152995207,0.29861955842680055,0.03149081894516484,0.03578322206340453,0.07367635336463203,0.0019480130447603458,0.009040201744241158,0.01561912194532264
67,0.002228654957623407,0.13727488825860323,0.04607815086366482,0.013084096981040539,0.0008919982736294984,0.0004141240026266854,0.013587249192846604,0.0013755770480744379,0.0018676883744844597,0.00106363924976027,0.017410347260414082,0.2038253597151247,0.19017901883825913,0.1647235146752179,0.017139405062441083,0.04968890212821332,0.04368352290933774,0.027858992765452378,0.03013582846051629,0.03748904098266944
68,0.008930766433519777,0.004703795411747267,0.0031628239259606805,0.01485543433048574,0.05130716951483807,0.14128274177554365,0.010349804856723134,0.4581170517296719,0.003744520966064659,0.001526353279409675,0.21630204181057464,0.01819606266108559,0.003670133916807627,0.002274668466167913,0.0030198626178821525,0.0033859594512386615,0.0024573433323016288,0.001987697569876653,0.04387588189059931,0.006849886059501266
69,0.00414683571912569,0.040481781836689615,0.001367978558232393,0.0002570178385604943,0.124479502144673,0.0011979360588408752,0.03224298399686964,0.022999384873614116,0.00536859749628247,0.28720882090457106,0.0045646252437661974,0.042162588756976045,0.0009242964734178336,0.008237347383667853,0.0005644663161656697,5.750227384325004e-05,0.0025473219440047424,0.006369883155437923,0.11732919917537832,0.29749192984988276
70,0.01775541874080805,0.030104050722407235,0.018232118268317186,0.01793223355618295,0.10939014879138864,0.08828323437670849,0.09055403620166325,0.03230028763586825,0.0565146865269482,0.0013535545433721362,0.020580001627948822,0.0920436796904305,0.00011161356046797957,0.25046356602969316,0.008373631489015675,0.07632316582608942,0.025799826892918973,0.022417962803363757,0.03895871985037111,0.0025080628660362455
71,0.03233111891637458,0.027793744612003696,0.004466363011441285,0.024539575254902097,0.016337790740036193,0.1286768858918201,0.013356740542092873,0.020056774177368432,0.025746103409941573,0.0012374765160156386,0.015134606598665924,0.11551844983838952,0.05676037832038401,0.00881514199673462,0.04021100344685735,0.20404121478804285,0.20187291367288834,0.04016987584380503,0.021755176135850693,0.0011786662863851715
72,0.013008370225839923,0.047196441711439066,0.039264512392513565,0.13694472386223794,0.012746031602284514,0.014476754788596974,0.33289952739873063,0.01317760712141549,0.0042978100707861,0.056968442598463134,0.043464615278002314,0.0021174590992091044,0.1593978553208428,0.02066840710195449,0.0005421128145241311,0.05509732774431577,0.02628592822512643,0.009176373958918502,0.006349388149622538,0.005920310535176553
73,0.01967737767983975,0.002804246630815627,0.020509992274915373,0.00023665638624797603,0.018337919532332096,0.08127691896907338,0.0012136244432391404,0.04898645983725537,0.008977865578361326,0.16486472815861572,0.2056562294279204,0.013887895300789084,0.0012406887314913785,0.32780837425732434,0.00015767992467056462,0.033351548583001385,0.029991417985649076,0.011760911977229668,0.006870922517260672,0.0023885418039678924
74,0.00998970278555065,0.6047032403093547,0.0027367617091233055,0.19706309027078892,0.0004156342320791929,0.0038685060449418353,0.006211805315768982,0.0009941383983422085,0.018362313716378184,0.013328458089025972,0.009516064028582695,0.03904611441564182,0.004609200858659405,0.00047180234563757326,0.008213088862820052,0.032561810027435474,0.0008518718477606139,0.021930069568156654,0.01632254540189335,0.008803781772058336
75,0.025582832534674055,0.16071957209820958,0.0031205028807418226,0.010596197893148395,0.035227129728038105,0.0014228402057388139,0.001138777940077304,0.014214847875795808,0.0030750821855247846,0.11981673759109673,0.011660559943765988,0.0030953901060452554,0.06201513354140326,0.09314941325346209,0.0012163462542957308,0.032854631819210334,0.1565403848852597,0.2568963764121809,0.0039652110997884325,0.003692031751543004
76,0.47432048489310313,0.0024449721642969824,0.016261752769110068,0.0029902646563461596,0.013583094959598325,0.0619322281492373,0.034098698315743844,0.00506539135589792,0.0018822444962323828,0.01144129793580214,0.03800422018969238,0.008129651297848942,0.19831763590830717,0.0019820653511204893,0.0014673189709072632,0.030980711661490756,0.0051305682589569595,0.0038506213805705927,0.00526926306812616,0.08284751421761112
77,0.022974715359750323,0.06639263248131029,0.0031214273492950638,0.007682600751470035,0.022633889669709903,0.04354323126468134,0.1403608104840038,0.17231250965000838,0.0369175310782634,0.14099523635054964,0.036262376287298476,0.01287665494286546,0.00023516370298451748,0.11160269979074694,0.001205593312385974,0.009229497686984035,0.027646227176248664,0.0533004759509322,0.004149471800981937,0.08655725490952963
78,0.009331969781923029,0.247381500920582,0.05146467964626456,0.031976784206746815,0.0023942295608449936,0.009392537252751227,0.004901264535385279,0.15828008510743383,0.0011439101363391257,0.2741716469754813,0.018276192753452554,0.03697928496091048,0.03937892539567296,0.00571502491713268,0.038987764050261664,0.0040204180470020424,0.004196449092089446,0.029636432013263603,0.010555669127836037,0.021815231518626292
79,0.13919952196900526,0.0021182655941499842,0.06474811019213805,0.02448612982457011,0.16677545606722863,0.007821429745385357,0.026653495386759048,0.07125684942648121,0.0016570464922298054,0.027548543634230312,0.043851144959175886,0.02726192672671249,0.02569144599388277,0.03654769082485709,0.004859506464954495,0.021265823120753286,0.07377128271486492,0.1230632163977795,0.0825096103728239,0.028913504092017987
80,0.01104803595149323,0.005138019220591925,0.03300015755630296,0.22559886281805958,0.1687695997982078,0.0015597166062029928,0.0975438713136378,0.002390886088337342,0.003487934266565581,0.07160247435900034,0.10067143893843258,0.050289261343457126,2.4900337502189792e-05,0.06885336621403616,0.04390559685897548,0.044097276566869716,0.0014671880989190705,0.003314903599722029,0.017379088694148424,0.04985742136953774
81,0.019995972376348713,0.0001479782747694489,0.013479823345715106,0.05532439984947867,0.03871487669784526,0.010650066620370489,0.0009504515120005062,0.02810928716123672,0.033529188697559296,0.10702586514552886,0.0026786053270522587,0.0034384872910150706,0.014833096449396047,0.13390425594627486,0.014382329430267335,0.12523121993360423,0.031040051299499646,0.3136897366054342,0.03409405347716245,0.01878025455944095
82,0.02325646371578081,0.023708589930480736,0.14759841190989315,0.012846191144919604,0.13608991039341173,0.018037258338382146,0.04449165815167033,0.13917227617067138,0.0005161275771748558,0.054356251409866975,0.11058042982504604,0.11484137784398128,0.012631592055880898,0.04250737478285866,0.023586655436445784,0.018923326885386338,0.006989900038761797,0.01427081278042237,0.012611689398133459,0.04298370221083169
83,0.047448490118073006,0.004266619920364471,0.01613837364293506,0.8040338854458094,0.008148399983062143,0.002633732100560475,0.0007256245668806316,0.0008247505181277386,0.004447073481724033,0.008761448868196556,0.0011056753350718465,0.0017214294493249486,0.007561241284985783,0.032971934614519735,0.00234137189820032,0.011764910155106091,0.0036071146369459745,0.03256136392631131,0.004819534083642569,0.004117025970158101
84,0.03561854609408193,0.008944242814162843,0.04045391278781905,0.02794114120811201,0.004133225283302998,0.023613738006602374,0.20256870925955786,0.0880993819361055,0.0056990361687339,0.028901779353072806,0.10582923477649049,0.00026224919114996916,0.007367499968185828,0.013200169287629921,0.035272840155018075,0.13663963872123785,0.10595229568655347,0.08349937953926832,0.010011945161736686,0.03599103460117805
85,0.06721500839222827,0.20871184027900588,0.0027060868806155144,0.017724078672704764,0.009730250217254153,0.0030401193131307704,0.24685322030349358,0.13537498637427386,0.0036422537749753567,0.0046273133955814635,0.02146487443122256,0.025292135723846098,0.009486144073388129,0.0014565239047129894,0.07795799847975475,0.029899605826727158,0.00035459282626333687,0.057848929178317784,0.016364507728671773,0.06024953022383182
86,0.0008424799255382978,0.32500321040430663,0.004665431342136748,0.003605074109985982,0.007628058873682632,0.0003176672931766746,0.0032075667220115944,0.08843010146807735,0.02014175171049567,0.1230302465703262,0.2575323071240351,0.003965029024232454,0.0014231738917638162,0.00903392261726527,0.000524208350024873,0.0023046975945931114,0.0007177659248719451,0.12395542534868345,0.01827646520797215,0.005395416496820232
87,0.09904205037012546,0.08542756430711096,0.0005704674653845183,0.06580372595326457,0.010340157117125897,0.01495312158341361,0.08869043562794508,0.015981982442368068,0.04546465162953968,0.20774381953534818,0.07801231698070579,0.0023327097545881646,0.00128217180007274,0.01805187306385488,0.038821481840509674,0.08758509673062252,0.025117299070419766,0.08493407209406634,0.0003033773999895237,0.029541625233544526
88,0.0253776262065272,0.06421683703220289,0.02043047794195925,0.011385920544788819,0.013872041015352334,0.48140272835805253,0.042069791701495954,0.016037931096789595,0.03478000916567403,0.00751761816617994,0.020479071671274645,0.10547428743251934,0.0009454574026313533,0.004239903818896727,0.09839540958895518,0.0094313167940551,0.009374158607851051,0.0009020161185031871,0.010006259118898202,0.0236611382173925
89,0.0011300906456921487,0.004196495502561588,0.025068906562849304,0.0027966379369710505,0.005509428056496451,0.0024012895329091908,0.18509257328497325,0.015798992896762183,0.0022460377687317135,0.015575835094789398,0.027044393301468544,0.0007334356258934275,0.001148168432606195,0.0206659291448978,0.021259354430858857,0.0061946951731737246,0.04004033345552144,0.5940422251979585,0.02548636543942182,0.0035688125154633506
90,0.18590465148084712,0.0044703885778423465,0.0011369272630924953,0.05137996579560561,0.021402560735187946,0.04403458378470091,0.01703184679673022,0.026706123263642374,0.06986005181711395,0.012422730839935598,0.012991139829642952,0.0047321755472507655,0.0020701892800786765,0.2213145559177233,0.04403967128750112,0.05215379630359241,0.08820608017306794,0.04154175989830783,0.09774960188507652,0.0008511995230599191
91,0.007292853602365232,0.009305516145482081,0.006710352418977434,0.07689590141719904,0.02537582250266722,0.0008062480135391399,0.001421000130942373,0.006278045523608486,0.0030406951755750254,0.0036227813134939004,0.014919214702721489,0.0013259258760924216,0.00014239512700704076,0.11294757521055258,0.0010981801749193423,0.27108951181823693,0.0848902352655665,0.05780407970358519,0.06624766911321253,0.2487859967642561
92,0.016723058939139734,0.007108322582921855,0.032869018175490275,0.09069461575199073,0.019682508163786416,0.005098093378551869,0.15647106046829296,0.04644817321873096,0.041026199464448534,0.01518389414763982,0.14278030239962283,0.013587645207428108,0.12002566075528302,0.03216724105915014,0.045410732101856366,0.010919838424597586,0.137421560444037,0.005888616259948648,0.020253340979098835,0.040240118077984555
93,0.001702371603235371,0.015118081635219237,0.06704144944445338,0.006159689049440252,0.5917973718641797,0.015875775401013138,0.001427360535023514,0.018839284880275607,0.008633058452516636,0.013780568387085426,0.12698452413610278,0.03520631811493278,0.005643766164066613,0.0237807373864811,0.00190825113447119,0.018129812853885395,0.001282389672271764,0.0029095956026393647,0.010233303218131129,0.03354629046457556
94,0.0447031531731373,0.02841099916331776,0.02572482021451435,0.061911772380640086,0.020257225202174486,0.2856193249029279,0.02544967418398967,0.02086754610583699,0.04506012100150662,0.04805089939924685,0.0658008966323571,0.05862834452309276,0.0017497275144640735,0.0026985711700277634,0.07853048728063292,0.03372666790510811,0.1293349158055762,0.001137816856825606,0.0009072222351462494,0.02142981434947712
95,0.0650386537729825,0.2952683206259061,0.0003293120489162528,0.10027859415174326,0.09306546921051044,0.023714150840874852,0.059614554427384586,0.02463640191248461,0.020923359791661388,0.005485402833610178,0.05344604074022686,1.4073694215611207e-05,0.027001903525016312,0.0001866799683961896,0.0006187033382849917,0.04885176127968991,0.11597390220646331,0.062077157545677594,0.0004951988655482738,0.0029803592204068353
96,0.007180582732365526,0.0003592919874990756,0.004751240096789074,0.04437880192303818,0.2025550145735028,0.0017929147217699284,0.14447202579564244,0.0021765568971403347,0.0022926576192532715,0.017778504846673728,0.022618781737454796,0.0018755453646156208,0.0007520579676698546,0.0022228238018536547,0.027201635088595646,0.0002654090406321634,0.0035686362802860483,0.0001926705784144367,0.4592117144036461,0.0543531345431573
97,0.2546811010755844,0.02967493162116343,0.0017576032214662435,0.025600878765865285,0.0006399443664428892,0.024380019216821574,0.14543441341193547,0.028586188429788557,0.0453628750247114,0.1353492316652876,0.04036967543758076,0.00048199761391241533,0.00021281903994573956,0.033166409890726445,0.03221574205828349,0.1163156305973328,0.0020508771302567056,0.03888020860677661,0.0031728492197832157,0.041666603606335124
98,0.014928461181341746,0.0588304037378623,0.018980265620327626,0.016798081141770303,0.000384321457051632,0.017440870175551005,0.005413107850341366,0.011915838389885821,0.005533592132893617,0.21360015887282496,0.005625822632258789,0.4996466216866833,0.01920096194770139,0.007605556685295671,0.0019324565769339725,0.06998736994758131,0.019791921504578466,0.0005507526178229002,0.0035152262693788653,0.008318209571915194
99,9.963447395837919e-05,0.005245738131886222,0.0027617139666805224,0.015049606638766118,0.03201326372362107,0.11893413218878485,0.3145939095747098,0.026130226844042228,0.017648423499705912,0.011337235129556896,0.002790975932458706,0.01084519251581644,0.032433887639518794,0.18459925077433414,0.1894974881197838,0.001150305877723188,0.003885073322766345,0.0025961154823945973,0.025506487506220622,0.0028813386572713474
100,0.025147114286048017,0.0064515666443108214,0.016461853519262788,0.010306430935064507,0.05887007009047416,0.0475144360934392,0.010628979217732377,0.0025883006847791587,0.005810909444864949,0.2580576518333804,0.46330529937708526,0.004344792777232101,0.021633612523324495,0.0002635131641574432,0.006079434336388965,0.006368680872606799,0.0009596334151407893,0.02665046762275142,0.013676084175003256,0.014881168986952855
101,0.11043480015139684,0.06609047959234902,0.037509086089339394,0.029185104037298223,0.027609944723231174,0.007919435918442571,0.0016471553804483054,0.031336015181657365,0.0016230035818537859,0.015930410763094493,0.009876472765637762,0.0005358912528889942,0.020876383737973916,0.01127926212073736,0.0030228769337259523,0.2081470995386214,0.040895508488617505,0.33189691822081824,0.019210645840682546,0.02497350568118521
102,0.0003419849237816218,0.0008555334202338863,0.042817390735674025,0.1607665492411123,0.004443259912110022,0.012970052983681186,0.017369220263172995,0.007949864546442422,0.02546426063789283,0.27188106201711715,0.007825348198160793,0.006242831366041887,0.11939791522083978,0.1470758268150879,0.07724291944075494,0.020108811275460516,0.04902412714224184,0.0020787414001249486,0.022486582779747553,0.003657717680321432
103,0.057765054103737,0.0030172957142225796,0.009043671000833187,0.04453577323319288,0.026435067159849276,0.009799846749218228,0.009121363436683244,0.027272775345495687,0.0048759985491814775,0.02462978301447694,0.09883843434606261,0.02852972539157449,0.0018702126825924726,0.5293445662611476,0.016651223254290887,0.00656618360124318,0.025386416042062723,0.006345677398798957,0.03494224942080189,0.035028683294534624
104,0.01220121566078669,0.006113025817622683,0.006259875221321074,0.0015069120251542016,0.47461653158033457,0.0032791090240934222,0.0008110308558543171,0.0012016312566379087,0.09463351085000433,0.11429652207250937,0.1276099686698886,0.010450368941926413,0.0008151646736589257,0.0012942996460594911,0.00029166348930914073,0.0004439661559395901,0.001813282980095603,0.0009068478806050204,0.0010279703136398099,0.14042710288455892
105,0.01525292155933116,0.018007711002645376,0.07322979618440682,0.011875466745842925,0.0017249863716636566,0.017105253451779337,0.034057459651036896,0.015043325412928514,0.06816017535904624,0.011212464107536685,0.1618737338310309,0.023772973860506322,1.705374112985658e-05,0.00547467286413451,0.02265692358520868,0.03355560155006443,0.004701065710708331,0.18604180148884744,0.1948101552151436,0.10142645830700842
106,0.07276837404328836,0.005349708273063204,0.020965381421896898,0.02395614332785722,0.09342955115133453,0.015655494354993908,0.010667732839944466,0.028842060983756454,0.05274060362723817,0.03132062233733852,0.2170255379457372,0.01226053931889587,0.00034312367025458716,0.003014862859747521,0.0039686820262636365,0.03571111361981283,0.03227407179502669,0.10402818569980857,0.019523788190462445,0.2161544225132789
107,0.00025575557612553365,0.0018858320061631369,0.6356714529014529,0.04668231971885673,0.0034444722909318455,0.05596139382083669,0.013129375016087255,0.003343554381888782,0.00033549696505869036,0.0010564633932169962,0.0555036074837485,0.11609009319319778,0.0008584841232318944,0.00380628429715458,0.011589180044132095,0.002040659911990876,0.022212429115837356,0.012500005976588856,0.007836443797542617,0.005796695985957006
108,0.06776697348280421,0.012257058160162907,0.008135603835786256,0.006860130860666599,0.09841925879307849,0.0005879609267433289,0.0025697108997559774,0.14950619364342776,0.015845882186129135,0.3070500165585364,0.017081347443878587,0.0010857677383615976,0.00015846655997150442,0.064585619191934,0.017574358055501633,0.007176296574961716,0.11986825265841959,0.09317678008372067,0.006060602573223018,0.00423371977293643
109,8.422798915600747e-05,0.03763372132021019,0.0034938322036693116,0.19643311215495046,0.005438429846696807,0.003981928975841557,0.0006099236851269972,0.16246333905704355,0.00070661135945991,0.39067093125789865,0.07992038665488026,0.08870536149890355,0.001337001525994938,0.0007909649044207958,0.008258943076566005,0.001849626693845397,0.0014489407863511978,0.005265178303867008,0.009022550760712806,0.0018849879444045922
110,0.17406751220505476,0.03352054403397859,0.1426929233589411,0.041864782161854436,0.0028547210986061577,0.043024924352946275,0.014539703180944162,0.019431098136610026,0.02946786983889666,0.016831183801201403,0.026792260454602142,0.2092432425699209,0.0007520544807262166,0.0034398046032661986,0.002696123163501288,0.06575294933908772,0.046780377148562,0.002673748606012937,0.004900172690039443,0.1186740047752474
111,0.2189827253644553,0.16193643063777682,0.0031891334845011326,0.0006629194070594476,0.011335268318641435,0.014276931896419556,0.06897023706500559,0.006101443246824452,0.2100658019840769,0.16234105667654328,0.0009270628736124716,0.005828334373203865,0.01833703552176669,0.005349197148281574,0.0018808459018928995,0.031640457395294336,0.028204220641177672,0.045730974234018854,0.003392955829502536,0.0008469679999452205
112,0.019350077434122006,0.009718177568294998,0.0002825118723285415,0.0012404382073493505,0.5229096075081914,0.0005325968590325097,0.0005637657624968889,0.02064781855631184,0.01627365376324149,0.0011082447008553269,0.0005836008186503384,0.00719347885702037,0.00043241733754065736,0.0049987257506574736,0.004112332589067835,0.001488228849341743,0.005256741966344924,0.0001406918249472945,0.37087194428438086,0.012294945489824167
113,0.004923860474037672,0.003316993349181217,0.3178461608540689,0.042641064460092054,0.032137826782467446,0.000729038594880303,0.0008175887214524417,0.010624683773900355,0.004558123691103179,0.0010134734640592847,0.01292395981353738,0.022349702750287873,0.028133721872758536,0.251148675892649,0.0005625518318537321,0.026535664010802328,0.012333614365573732,0.03418331784464138,0.007298053284393328,0.18592192416825995
114,0.042959147602110545,0.004259287394468817,0.08423887258968255,0.3233362806791276,0.1055373797046678,0.0038886338084114036,0.0007865454469903597,0.058595276991576725,0.02033442140723415,0.004461238763000041,0.014920130106259106,0.13223531434164132,7.393564204177965e-05,0.09015607412326757,0.0007437421480377051,0.0013142336589807668,0.03094725813301101,0.002337536318689522,0.005860689620205586,0.0730140015205958
115,0.5015023048824658,0.0015337025998226896,0.0012489420307356986,0.01538659522212993,0.017567767726384617,0.06974647643439177,0.0029665773501753156,0.023463165102313117,0.0016682142277751355,5.981822385813996e-05,0.00431703627602904,0.00030500426329465176,0.0021449500423441617,0.003064489469842062,0.001311516544398239,0.00472509683304202,0.3161061510174256,0.022078982155241112,0.01023270869186441,0.0005705009064662564
116,0.0016056089023800731,0.010369188192140819,0.005372114924835445,0.0036394715605762044,0.011320382804746043,0.0010228988346701069,0.031118004001485025,0.2303145874194687,0.0054399770495181625,0.46743227448525215,0.024405412351053136,0.0004459204768846348,0.0014020709411901471,0.0019434810451840904,0.0061262157663112115,0.010359242793721588,0.16731037367262108,0.004529057466422727,0.009061381780390449,0.006782335531148182
117,0.1515648256544376,0.010226453736167637,0.04830962471333813,0.04367660458583874,0.024873584342785738,0.12032747077879605,0.029550529222071856,0.0024722791262068123,0.0224217659001049,0.039138000453014646,0.07032980222757479,0.21177684820707351,0.0004798596341343998,0.025363862030828677,0.011794302826758554,0.12984797543655519,0.026812848320858413,0.009021661350646628,0.005652251477749597,0.01635944997505804
118,0.009359552772193842,0.03824110024582879,0.002656015886812273,0.06211927512659962,0.011272201312234829,0.18635348909239935,0.22688457063181744,0.0003158606748544004,0.0002235733412120733,0.0010451159524979502,0.00804473501486577,0.024860499832761264,0.21821567717192067,0.006023690645013243,0.0030401503736321393,0.13930891010263802,0.03829701264936126,0.011705316096212285,0.00045411394548889775,0.01157913913165593
119,0.05190855274232153,0.6644350459605152,0.05481489699705927,0.007700214493843928,0.006153124727766899,0.05322737573240936,0.002558494322683361,0.002391723259556073,0.00678002605117049,0.0011488960865654674,0.0006226442017030073,0.020909150494950013,0.00016180052998902085,0.01944822453662137,0.018972807768021946,0.01588331550354012,0.004542234803195241,0.017442958907859997,0.03633686766647623,0.014561645213751464
120,0.013318989358230124,0.0022950323433298145,0.027939092261077624,0.0014030764360573168,0.16838962742276742,0.008099284613105393,0.016268233078932652,0.0036077542467454348,0.09920792958433589,0.17082618032244787,0.07811048815578914,0.0009044205355397002,0.001424657420474883,0.02079363687163988,0.0007491600916479196,0.0007165028047710518,0.1624460876059911,0.18577175646568214,0.011664105236890356,0.02606398514454422
121,0.057502294709469735,0.01618158877037104,0.051395635690222034,0.08845587264871381,0.005283992799269461,0.00013784325342125638,0.0010014109691057719,0.0017294447156930223,0.23227788555397244,0.01988537970058672,0.0035958049256318275,0.037775469577438964,0.00011598224850755065,0.25561799614424163,0.028538574261756898,0.13915939816497233,0.004505700267345416,0.005634688519545303,0.045125362501396815,0.006079674578338094
122,0.0011259704697300665,0.020407407666025223,0.0007560543820972175,0.020920643955862992,0.016678011721489205,0.0002684537031509647,0.13235331586110244,0.0026971285203112815,0.15159874966759113,0.6134661525567601,0.00531505711063179,0.005868241433703387,0.0004001751487132782,0.0010197621857084515,0.0025848305017614555,0.008009299998386636,0.00094399865343328,0.009420302466057238,0.005468337958176774,0.0006981060393069538
123,0.029175229271305683,0.016506076008844066,0.04165020888155884,0.17930549569046858,0.15269207696585246,0.003319004282349691,0.024845989482244375,0.0006313707442793258,0.0848689650040232,0.019430856575966354,0.025527522714845867,0.003760524051516211,5.512490553729662e-05,0.011503732004518756,0.0005402658047053605,0.03877426765183004,0.20582992109640438,0.14267980746974382,0.01434203066785626,0.004561530726149269
124,0.006398834523797781,0.012368073347617166,0.009589749569960978,0.5968725207632848,0.10185245797917446,0.009949146541246215,0.0004638370443747675,0.012094401356317142,0.026948683523062997,0.0011667708452301909,0.012889792249423116,0.08869869113057162,0.03817774462061163,0.025549071453617258,1.5466198120949375e-05,0.0022377263040761495,0.001724596462616289,0.00041897869660349827,0.03800337583116521,0.014580081559127633
125,0.02180582170126339,0.0022598578907656935,0.019680194932046948,0.017083201680030045,0.022307937947787924,0.003366925125635783,0.003909637616869363,0.027198695369023033,0.08576598910576265,0.6804651399362177,0.008887969260075637,0.03038867838864964,0.005568827517019869,0.0026433547300891247,0.006787506344572043,0.004039715699311111,0.00014617809477679723,0.046096890657633734,0.009935087050629558,0.001662390951839933
