site,A,C,D,E,F,G,H,I,K,L,M,N,P,Q,R,S,T,V,W,Y
31,0.2250270945743864,0.04363040556611105,0.059097035823088624,0.03490429575747334,0.037446926358822165,0.0411856473519377,0.03453299951788147,0.056922806422018205,0.04761303422633959,0.04501558621205341,0.03957371530513523,0.03550086648196955,0.06217126714402155,0.057217289976606314,0.055455535798889566,0.03961978704786609,0.00850518118094413,0.005976131332024242,0.03974047049469442,0.03086392342773706
32,0.02979164129861887,0.09441213793472279,0.0017786129595978944,0.22216994356501732,0.0008350390893452337,0.05057790436161221,0.0004523151130188471,0.004498183081814539,0.0005859670678951742,0.0008048164965771061,0.08024096884038276,0.001976671816300445,0.01550111822164855,0.04678963114206003,0.006976846122198076,0.3489829080196302,0.0023223243271310806,0.008879266459583262,0.04104814740909069,0.041375556673754726
33,0.1438654750941405,0.02432865776546485,0.008519716989203051,0.010798121005676838,0.021361543275375663,0.002301723762361255,0.029103951622069094,0.0004099012137936793,0.12120502150654294,0.0015865601406678147,0.02553195322421436,0.12406309362893969,0.005104632423422519,0.2735459290788606,0.056797119840232606,0.03570613607375761,0.10061626520389427,0.007761039461214786,0.006211592400467348,0.0011815662897007152
34,0.07003774404930191,0.008791673583853474,0.014538307066679128,0.006383614588768913,0.03201526747254872,0.009072483890028415,0.0006830079241900256,0.14121940593816584,0.0018012874673559878,0.1918523619367765,0.0799768294969087,0.017725619850827073,0.0003094008460018068,0.022258920623369982,0.022736267537241464,0.001422243714409226,0.2744515318020721,0.011571798555807459,0.018480600409019814,0.07467163324667345
35,0.0002641416265771321,0.0013152177103470234,0.00019916643003663637,0.001035205875238623,0.05880359246406374,0.003549376339557434,0.000958524495731799,0.027319571743385184,0.00044636111090258935,0.0007094326712570424,0.024831998483400296,0.0005502784473420532,0.00035081426259958364,0.008645761295682796,0.007770535995557245,0.0011832799581182236,0.055378512300752976,0.0014481721889644218,0.248941560169876,0.5562984964306092
36,0.007002036609903001,0.018762087844555343,0.015649626053401696,0.00047998151912376414,0.01277933536574696,0.001673299650432401,0.004029174084013931,0.009531462636178899,0.04139309798682089,0.00780399606189681,0.0026453818317497416,0.012099078552778366,0.024824098240601715,0.004187834954517275,0.0036782679416430216,0.09632302212086451,0.014467842790700522,0.7161591595835946,0.0036056060324339313,0.0029056101390427624
37,0.0009724343013547358,0.005466311473206833,0.028906435405517617,0.03360290897225534,0.04709552630704819,0.0020471310600998134,0.007561295166177025,0.011467705581549678,0.00029611315274143195,0.01920032487280479,0.01072697204449646,0.03416307198940361,0.002448484339905509,0.0004941084271820051,0.027171256170840128,0.05159981523749604,0.6663992373148491,0.013913794066823098,0.01657178147252216,0.01989529264372663
38,0.022829913143233516,0.005279576062296508,0.0012493024308783244,0.0006577461985305049,0.038986022896714836,0.012948525931198093,0.01163688532481488,0.1968505646454938,0.003290505785278183,0.009483235974847138,0.014132287610460068,0.03873382720061567,0.004495767351423158,0.013441163289759825,0.03146870443382267,0.0064971673541607405,0.0002512824615243123,0.5572624921861119,0.02367498785197513,0.006830041866860902
39,0.003549347982421754,0.0051277119282701076,0.029414128178702363,0.0012366967646806086,0.11300069787251492,0.029840557831483212,0.0014380643941325512,0.0009123963520537092,0.004206722958120443,0.014637236216574681,0.020244038225904492,0.0013308671780247914,0.07320880378989483,0.024379979037147927,0.0008301308675231615,0.0006789982482393293,0.0032963820598611525,0.0054513340539472195,0.03436361022411703,0.6328522958363857
40,0.04102149029974242,0.007475165892925963,0.0026222748602368114,0.0015890168106548032,0.009593388181010638,0.0044735150229003595,0.006768802507399247,0.0029446890897825567,0.008328706898868988,0.00832490450599572,0.01065025865268375,0.01184536529696947,0.00805689407664368,0.0013835164189210014,0.00029606077478443497,0.0006293694735671412,0.004914332498441012,0.09115800908442889,0.007138187358235977,0.770786052295807
41,0.006413409369388386,0.07632155974296322,0.003742473634398662,0.013300168156015668,0.02269115930640016,0.7050326653337984,0.04493252046393173,0.0021670464962622545,0.001090524052636185,0.001194112688453048,0.012577013373150635,0.0003330049457376831,0.000539863747162866,0.0017909811831551329,0.022799503926482705,0.012447011702925547,0.0002504121575729465,0.002459894062133622,0.006174426705479075,0.06374224895195213
42,0.1679465359419556,0.0030901180244788462,0.029439906520628403,0.11648694239793796,0.0029518538205875206,0.007149635303407826,0.001184712113560911,0.001597014833954363,0.0017818006532297728,0.001082572141650515,0.007480996648314847,0.020068946080645668,0.0046274164303754094,0.0012309865922063852,0.01392175361378306,0.00747705951525868,0.0020686389738437043,0.5910209256456074,0.01279641325195175,0.006595771496621471
43,0.004065358445427481,0.06942890821137072,0.021703196547581766,0.001523577484765502,0.022489606372572253,0.030302829073305466,0.003354884027323132,0.0007856646209726872,0.004243092919903818,0.005905945455214598,0.01268541060375061,0.0024620599497806915,0.7533065556276747,0.0002516984294409171,0.02651226013262542,0.011083727120704785,0.001388441460881079,0.01996079465194776,0.0037887747026298293,0.004757214162126716
44,0.02489666070608586,0.03752808236536917,0.003962315779136364,0.001758443294264599,0.0005659898985930555,5.6497137505167136e-05,0.00014384724618615478,0.03219203784214604,0.5472407983944672,0.0042672849508500355,0.009798067683481283,0.0018884718071980316,0.003178611453473935,0.0002627847716009013,0.0025700318631806923,0.03398118366794189,0.003372237109315521,0.2814620539089568,0.009601237859344965,0.0012733622609024684
45,0.0036371467556170008,0.0225400658922826,0.0009170443803341116,0.007806216239772293,0.11890784001817428,0.004071412616988401,0.001179674413586664,0.010243745703993482,0.0151277195450874,0.001613266780537127,0.004311815316797191,0.006239996036006135,0.00024018066461350507,0.1593453048635316,0.0003794489171016064,0.0011601253093561127,0.0028209466248587133,0.02879652179804447,0.31848649501550375,0.2921750331078136
46,0.2070319468416087,0.0024119059762279776,0.011436041150512818,0.02060759701676195,0.012571206051742428,0.005434784377200964,0.3260730304606432,0.005127342628684891,0.04503598031581823,0.01300501248091314,0.00950057844906889,0.06183702946873564,0.054581858258112244,0.047810308036051075,0.018320004954633207,0.008515960700281957,0.04078158722277865,0.010116387654252953,0.00031139722095568646,0.09949004073501551
47,0.1099141081717308,0.004798226779135479,0.2181836962765645,0.029364654823959547,0.01851510847067791,0.005789241574061239,0.008140108656892547,0.0005749944987147991,0.0016189403850159002,0.0009728242523289279,0.010310985171458382,0.0078759671701546,0.4392337898753751,0.0026263347328492146,0.0005040226044992021,0.01584286899266627,0.001352178393729537,0.08568566897568158,0.004487669052772138,0.03420861114173228
48,0.12305785790663389,0.035523538961394256,0.055222528086951585,0.026296104000762422,0.06542222314806379,0.09923510423201354,0.03195427282842465,0.34913920430986334,0.001111154388149556,0.0008771916961524768,0.004782242226788408,0.003795606231899385,0.00032520317840475254,0.006831852368225174,0.0010551749641992193,0.036884245667602504,0.1234884947953019,0.0177654852707012,0.016515655937728812,0.0007168598007392039
49,0.24595784234459608,0.012486187415656727,0.03035499490514893,0.03592014769207189,0.0011361740212372385,0.002375030407918975,0.0973095857318345,0.020158313315899366,0.0517911879554026,0.00395945491310999,0.14920685664029348,0.024604877496389215,0.001237416991421674,0.04669459955746192,0.005881164362673603,0.06894745771119873,0.07505394541821764,0.03815966695411157,0.08681430094580139,0.0019507952195543608
50,0.05111816587988774,0.3615570601229987,0.0033766119472382235,0.01033973029919815,0.03823131345871655,0.04674978949529312,0.011218090140912289,0.044797614728787225,0.009287589735765439,0.04426573163452995,0.019613388087386968,0.0020215272299524256,0.07969770325804214,0.007695449430202733,0.007470154786789429,0.03086076931630805,0.16062125482202871,0.06423195021239499,0.006772560757312421,7.354465625472778e-05
51,0.004892963197758939,0.0101422482367017,0.002479091147264756,0.002436901752551913,0.008395211806198488,0.021029491874099564,0.21015465967466956,0.06456628210482393,0.011356335111866914,0.05057926805885802,0.012435380884603484,0.020520146787265298,0.14107429477626446,0.01799526047098808,0.004117686837911513,0.006837736708158013,0.1104831528250248,0.2575281320907468,0.03970906111496574,0.0032666945392778647
52,0.0018309253935306353,0.13901365566306684,0.0029750776688080766,0.021644037265611742,0.04923033035099852,0.004061486634057771,0.03532704899984885,0.17861351739917986,0.0024622492973708178,0.35979153070847747,0.053753651703874764,0.0059362773387524005,0.0017028742990095186,0.020765071914978676,0.0007076808026265495,0.0031638655514951886,0.01488269558328906,0.02657558360811204,0.013249744588679113,0.06431269522823217
53,0.0023036374483835437,0.030546604019012918,0.0007845164949731157,0.01381372778639965,0.06343513146707717,0.00010000191637035993,0.0355905654326135,0.021093100084578847,0.015772573928836568,0.05164548298443082,0.10444669399765803,0.05255069637885378,0.028370328772812932,0.02321357498438001,0.0010125087697166874,0.031198474921800265,0.02397907275369646,0.04307065748028558,0.1403801361722367,0.3166925142058831
54,0.009088347008929687,0.4799155947481285,0.002383300077748268,0.004745473391478184,0.39247454398829723,0.0008986945612614163,0.0004986081768985035,0.007187045307683814,0.005170771644052628,0.007022230090652536,0.0027600470409125514,0.03928337845531602,0.00045594653662816756,0.001447974699589597,0.010259541486912655,0.001729991644430968,0.008332841784343866,0.005567283178663349,0.018512431094472283,0.0022659550835999248
55,0.8228192189712057,0.0027281785174423034,0.005285135610735919,0.003740818528788943,0.003333383083850708,0.045427842572011136,0.00352854193437948,0.004577460714996442,0.0022048781564876076,0.0004524397572576038,0.016378928253815265,0.0024290922856625226,0.002492008127132944,0.003446057762069841,0.007685222256244674,0.0031970901034394207,0.017171256666846844,0.035761966663802845,0.012809241325631894,0.004531238708197991
56,0.466297543357689,0.0032612143609524833,0.0005536385217467163,0.013311810548574653,0.0011656906545299303,0.0004497341622567148,0.0060211018549714045,0.007275745372410733,0.0021534865051126887,0.023466584995825813,0.01649765990794837,0.10814212737843007,0.0196104221003954,0.015759309952269554,0.0102639698357295,0.12461272336183551,0.061006403934497626,0.09895044711861134,0.018008458780641886,0.003191927295570717
57,0.019803757414950423,0.061593668901411075,0.08365695126088869,0.04190066915450706,0.03816251359348134,0.03436421211026792,0.05826008154337872,0.051519628613911184,0.03438256228583476,0.055651019946798594,0.05955709134187628,0.09106156180192072,0.10508165991775112,0.033626465481576204,0.0473480109874998,0.04254649785811759,0.03887376520077956,0.04259716852940204,0.05076300143301097,0.009249712622635915
58,0.046580812315986396,0.045022745481316025,0.06088008057410676,0.05187733353016037,0.06689313692851731,0.02198028029660592,0.029593091194524,0.08688367813795456,0.05781922208154799,0.01601655758226992,0.06404068075681003,0.07865614339567539,0.01791383368043661,0.11892759552021928,0.023580649784908106,0.02577773212172163,0.0187639507918944,0.06732916232110091,0.06175480652239662,0.03970850698184785
59,0.024509294756964273,0.037431053065405076,0.057536231806615525,0.03785331337934991,0.04520438843785591,0.03795754809403198,0.06001807719426124,0.041489517780100064,0.18447841730358658,0.023504501776047286,0.03594218260409423,0.050988130336266785,0.05103095856555525,0.05534523485302849,0.02094064508096896,0.03844839804097428,0.05239951694023798,0.0611201953000785,0.04010988110918986,0.04369251357538776
60,0.13311683482661762,0.029267877071315063,0.060823385408804886,0.038206492790581865,0.04100977580799339,0.03136723916074415,0.03657690203546107,0.04794808117730845,0.024984230869161215,0.025419024447333752,0.05305455494731208,0.05972263358338541,0.036925344019216856,0.024266681088902006,0.05659284311431131,0.08747433929486785,0.034744045585047165,0.041070327449324553,0.03803204692108071,0.09939734040123059
61,0.04263332410871893,0.009112973662798462,0.04664393826190128,0.005146210503364403,0.030537515029738053,0.25968284972027783,0.025572320454880396,0.19154614561055364,0.024512212661642822,0.12327775770421111,0.014882905820722573,0.009348279716318932,0.00466938105338935,0.10957841296164739,0.006122757606363722,0.008741850386677215,0.004957179878501934,0.009365587007839564,0.03996068653194359,0.03370771131850879
62,0.06671411379605154,0.03477466117445961,0.029420063887299838,0.03139264254869695,0.027985524917890834,0.029582621564422703,0.027533558138075714,0.005206692825281228,0.03480405544123841,0.03231841823502589,0.13714666756524435,0.02085022081599847,0.0031928028945951196,0.3291936543948049,0.02476073372925011,0.03447271077100251,0.009795379066858841,0.001973893497818798,0.115879499671836,0.003002085064148204
63,0.025421672465790263,0.009574594139730658,0.00021101736566306233,0.012899544394500018,0.014731274714534691,0.006673035460714121,0.05466478364935591,0.011016599221066108,0.05471593926107079,0.20613640875264108,0.006879868061918507,0.028219649910933495,0.05081944065503228,0.23339152521540024,0.036837107352945174,0.0457435170567103,0.00514646440334126,0.015620124378277485,0.04045907480525408,0.14083835873512046
64,0.07366559110649101,0.0023406023561545405,0.02476617253437828,0.027146525757596674,0.024561626020475322,0.022884688416336337,0.014377684249072655,0.0052272313490119605,0.0017990069950879037,0.0009659718411827407,0.03372802498789862,0.14329412704887914,0.0014738666900200163,0.0805382258689572,0.014582632349489385,0.19372515722084477,0.04291807855100819,0.002488151304785079,0.04919963416143555,0.24031700119089447
65,0.027399311041055877,0.05953788129044691,0.014426113052506816,0.012872625312860585,0.039541408754148744,0.03329277052704545,0.3414160276569525,0.0027599949076779384,0.19370813759315694,0.04173862714559739,0.0485064688343066,0.04961051537226885,0.00039422179604309493,0.01742404506205387,0.040201257462814666,0.04019113877887968,0.003814815986170238,0.006665193662504242,0.0044517523997490305,0.022047693363760553
66,0.49017840229479415,0.014547044775526501,0.01592105860640585,0.012963477987750986,0.014887420440503257,0.011628456032275157,0.005931258233639476,0.18390630964701837,0.019528751398126147,0.004385849341577994,0.093594649815635,0.0020449778188169794,0.035282531461511085,0.01917619395836182,0.009854019037394322,0.014324731141540016,0.0170738959196853,0.0191930100732529,0.006036497632106315,0.009541464384078182
67,0.02768976398700628,0.0032886018404036437,0.02807485958018156,0.004275647404832757,0.3184526909657334,0.023121417286123252,0.002943895216768262,0.026636619127468984,0.005677164078626422,0.0006954722845849859,0.004253708837752886,0.10177483342367295,0.07272927231611959,0.08406511828765867,0.007823775628878935,0.13871913397957122,0.06785026276176923,0.06481652367286826,0.013324089716088191,0.0037871496038904434
68,0.0005007646872577487,0.006381769964296389,0.007629074675909237,0.004158982789431927,0.0045845089122032905,0.012014185800838269,0.007804335222482903,0.5838990307062947,0.0007377352145689728,0.0203053714268012,0.051107868212248705,0.004950414165123248,0.0001770101196071762,0.032065068997533114,0.0003707486603481793,0.0050193204750443345,0.0017306495469841935,0.2344330842345169,0.015632762110869697,0.0064973140776397355
69,0.0017762746168206675,0.0018243810043199115,0.005607040593704786,0.002153190409211619,0.1126842241168743,0.003042260616893946,0.2115483343519955,0.002453205448312793,0.00879431598283237,0.04200154619262119,0.16338257549950777,0.0015886330856597077,0.0097875679764275,0.0019896724827116624,0.021403803830319038,0.0021398498041150455,0.0028747993146638236,0.002383480873216297,0.2069180687417152,0.19564677505807684
70,0.07855682920976527,0.02027845687698323,0.01804357724665389,0.014755286353867489,0.10051353831227021,0.0895926764563875,0.05197629215840553,0.011298111887936878,0.011927737027133059,0.034069480324402206,0.02215911396141395,0.02935001466417605,0.000916292921702153,0.1572226042909341,0.031556960137429174,0.019596894796372468,0.15038948050607062,0.08159214632086863,0.06711954240564416,0.009084964141583475
71,0.0026117726862971992,0.009059293171859292,0.0005920181262402391,0.02125847671672773,0.30260084219598915,0.04927453767972339,0.015704998827017872,0.013711862214972578,0.009314559753111486,0.030138946365044002,0.09421273634735325,0.011304383774172052,0.013645595830123135,0.06869802459656393,0.0045500635413800936,0.02860694851433894,0.2986560633436046,0.002773545593702798,0.01451155685592608,0.0087737738658524
72,0.009296558526503901,0.023565820738814133,0.012107036526818663,0.006768420280718872,0.01681637937028798,0.00551278065586243,0.1826115373221392,0.0014328255779144836,0.00039252687876828056,0.01346266767934811,0.08668158960376444,0.018659067672825817,0.14739606073219655,0.016286399451733987,0.13868965774956482,0.05515179845133369,0.15655860411805295,0.00082534303000967,0.1038320354603686,0.0039528901729733385
73,0.032354147104234655,0.048563807914937106,0.022742728688196608,0.004923390305854986,0.23235722334960743,0.05608302558188259,0.005218128918340155,0.08717838239568194,0.009456866218862282,0.23235691253607443,0.008590196465373793,0.21207415284508252,0.000643454450714251,0.002868932846153918,0.00024912177748863217,0.02309668390102879,8.214610711981486e-05,0.00048821842527701646,0.0167679099608426,0.0039045702072466218
74,0.05151287828442772,0.5506942468349125,0.0016156513578853154,0.0006164196401759677,0.026428963258228022,0.00406715481953037,0.003718123833115868,0.044824844798694835,0.2146705180749102,0.0012879181779042726,0.0027699139549598032,0.06373476549996408,0.0007318972907582489,0.0012406743207265907,0.000433573488448055,0.0042567880883421505,0.0019977876346706992,0.007010391687662647,0.010998771348278022,0.00738871760640475
75,0.04043430862658652,0.007596965325507199,0.0288089096104128,0.030473465418530923,0.010834194055946903,0.0011411683372292598,0.00869254235875172,0.20631666601733697,0.0360357596163506,0.007550595058209052,0.13156411647239488,0.032540492292157296,0.021564248575843544,0.0021727159173126464,0.0036773170049093635,0.03773992181881729,0.14612112225794632,0.21672293739399426,0.013847757670340653,0.016164796171421775
76,0.026868450131590133,0.005261930294688141,0.017188059830307727,0.009659838925810172,0.06281624984239895,0.2299005236857071,0.008127333699089384,0.0024314984384023242,0.13837514204385878,0.004520103077322843,0.0016621684237794663,0.010789339320916292,0.18783552474894877,0.12538521041359418,0.0020957687598388854,0.038224584452374484,0.10504427870518386,0.0005783081844270727,0.019716649497553505,0.0035190375242075346
77,0.09350793867883436,0.07349569207150598,0.0031126153306465583,0.012701632197291363,0.005596192952164463,0.11523453432139819,0.027178047272366886,0.03592363461059375,0.0017904981665132842,0.015483549648152888,0.022973801740770374,0.004768952623242526,0.0003962275789427311,0.03480455557530214,0.005232258248456373,0.07551822369939477,0.02616938243244525,0.14033611035707313,0.24985920691650262,0.055916945578402266
78,0.13122008857684725,0.07520669600731707,0.049544212320604866,0.0021703924839236582,0.020405082619791983,0.13050840163026078,0.04414527557646618,0.038054256887862035,0.05049728426499308,0.017102699531295652,0.07039696703330371,0.011583027655081615,0.022277090991709155,0.022211467276413897,0.036178444423309586,0.004765117239083646,0.0010383185455173358,0.14627645254933605,0.0998550413552905,0.026563683031591918
79,0.01077931962036932,0.023999921608492056,0.0002163643866383093,0.010051159205795048,0.08426822430569385,0.03429521896482865,0.01597691092891261,0.046031279110156344,0.0747203054285072,0.028699977290056806,0.019673748888661625,0.01593797995429272,0.10958782748995427,0.36847691182856535,0.015146339005960208,0.03208784021455531,0.04055449846603561,0.023720328907772186,0.012508699213906257,0.03326714518084634
80,0.26770730265291287,0.031699410578140866,0.03184397671266229,0.018905902445417958,0.0156675774058196,0.23491294256532494,0.06131018269008594,0.03184547176900959,0.006578613732509024,0.008008319435470422,0.11296003186597883,0.015882291614856894,0.0013581068861749208,0.012537284843264617,0.03009472568854242,0.030004350513193355,0.00012153265924392665,0.009494580618516909,0.07049272978842612,0.0085746655344486
81,0.06729065494745473,0.005673002688180715,0.14220629486564065,0.3382183069746912,0.0360522202553154,0.0399683409514774,5.810894937951862e-05,0.0376983328952732,0.0012066610065545054,0.06663189485148835,0.020727636818227577,0.10461958911106786,0.01891854192017279,0.007184407257279753,0.0027319607314640138,0.0019430016927011072,0.06442371175849872,0.018706832892954297,0.009778748352636714,0.015961751079541543
82,0.05251060147271943,0.007708182721477729,0.11710282820750871,0.008324316305344564,0.2392906805339836,0.012824333804453806,0.004615737662160719,0.12938860981849407,7.786429125773784e-05,0.12893888012660176,0.02181892526281091,0.009417115860823147,0.005079505995501843,0.03153511420931662,0.03480617070880795,0.024000726872442996,0.02084529485052947,0.14322277126835198,0.005560865473173861,0.0029314745542390183
83,0.07786488661118121,0.0033086218560080126,0.2003529304381284,0.24606225563395687,0.05131759468224856,0.06901943603323327,0.001373619520174267,0.001218439152490024,0.0008056296118844898,0.00350308341827843,0.0522712725020335,0.06114206769475058,0.007676984695793573,0.08894421662525212,0.004860805133881918,0.09770687665769802,0.0005251225172443315,0.02968908617510476,0.0022435701920344876,0.00011350084862298458
84,0.07415460415280237,0.09798675485182552,0.02985965499355924,0.027344454277818037,0.02768756597825508,0.003368287804590926,0.036314820469007095,0.06573281912484352,0.026156848403110874,0.011979061903161616,0.06179107722164474,0.003155939768870102,0.0023028911731064073,0.07057075344939438,0.022455130648920633,0.05556775931767205,0.015999390777538706,0.06336661263057008,0.21361798389810582,0.09058758915520274
85,0.00033612641101816537,0.034156099852282684,0.0017743866293675934,0.025030590297782235,0.11370820803862472,0.032875769612874674,0.0313967923737405,0.23720582930914288,0.00014503618875520642,0.07467445441946292,0.005911984006214274,0.042578430106516185,0.029602932445578774,0.014460715195011988,0.13764398336212547,0.0823131968068773,0.05996304053650077,0.030382701501068914,0.01239419531133051,0.03344552759572431
86,0.029353034155614133,0.009723568155782191,0.010114914777410174,0.00012502308762109667,0.015584459246354002,0.007111577939276578,0.031718440832950286,0.35710993933111745,6.89362789212615e-05,0.3593567737308944,0.02496702413077012,0.016781633351833886,0.002055242648332079,0.05708307695265783,0.005600261875852192,0.005996745089571564,0.012143138640339184,0.032568311784849806,0.022220607965651694,0.00031729002420013985
87,0.07097951352221943,0.003980743834563266,0.046681546707213376,0.01456201017231866,0.1689620485169859,0.0034198578057945505,0.039220229294029255,0.001950597763482395,0.0033988524184589875,0.035286186149576786,0.06538710779894842,0.006053287324551215,0.0868278349727812,0.01058277995569947,0.019474648744477484,0.3529338028399742,0.003987200500930451,0.00313097395816285,0.043384170019490756,0.01979660770034132
88,0.40202877629347616,0.006323577507706378,0.00818258739330892,0.12646438953372696,0.003104899894074802,0.03850217673610441,0.09867626033086828,0.01622937865756423,0.024864112758569323,0.0036458688978264933,0.0009843576433216789,0.09183796769394667,0.030042481816288852,0.037510885328303614,0.044795937805487816,0.025708426032206157,0.0025277839492930314,0.0052209146684853765,0.015343311171755221,0.018005905887685737
89,0.010272984486204192,0.007059646775157555,0.0004641791050602989,0.0037993564996673967,0.08610899696397181,0.012900212651156926,0.01871939787957485,0.1606831524242099,0.0072445033915074074,0.32208710366997945,0.016838086706565655,0.0025854723458320797,0.004354169700806714,0.0022232337138393256,0.07009139699202167,0.0031531656534434065,0.05198374305992924,0.19752960337889505,0.0013842713535998845,0.020517323248577284
90,0.03770921460708493,0.022679169312176412,0.1871205307761183,0.03709265397582136,0.014419937635163334,0.13941965538950185,0.018369810020624724,0.03322179769587097,0.10128526113394876,0.14270630771425052,0.021447809734910707,0.03891972942015713,0.0006888588304221864,0.024115876450088485,0.04227228310832709,0.017443226784356985,0.05627414603884312,0.004253393123689541,0.03591709460525494,0.024643243643388605
91,0.5252090265315391,0.006460257273565078,0.0029027927486721763,0.09892736576333168,0.014635680924195897,0.0022830518530760494,0.005116006226351772,0.008229449976704335,0.0009447244392918911,0.007564216683275667,0.020032732552246794,0.0016571047327865243,0.009222646420752552,0.013141306044979255,0.014938068424452552,0.15250864946218765,0.02321228882213238,0.07344029544673328,0.018888721469702968,0.0006856142040226037
92,0.014470908677997411,0.013332034408269048,0.02871823368112968,0.008214938227052123,0.10852387093098201,0.016762815366090734,0.08228781914120421,0.019786213024654005,0.11731314021358791,0.056875418100379965,0.06135166970369747,0.043149416250885614,0.02228861475491668,0.32196278599154304,0.0057116985639298614,0.03352145873738018,0.006218300094499243,0.001720053935103893,0.03729385988309063,0.0004967503136062313
93,0.0015453453962743116,0.038467136792149643,0.009437224739024924,0.0009970878272941026,0.6074081063304653,0.005893862363521358,0.0020587914409743615,0.030641657103814158,0.028948361037422706,0.1440511721110415,0.017121445357901884,0.008736371063763038,0.010230122397954533,0.006337343321314025,0.003441259780097754,0.06817704288685926,0.0036304885493244495,0.0021195276195987113,0.0038769626488791564,0.0068806912323248915
94,0.010152681769913827,0.0011800358789410275,0.022961291727727467,0.25405777693793746,0.024547994537508742,0.00301977869658995,0.07810483727394035,0.02056597249858853,0.02263977424476262,0.015512636925092593,0.031077584028228248,0.11919243886938688,0.0814157049033546,0.13204946243711205,0.001824554932377167,0.031367821519368844,0.11484327006639529,0.003846147398717418,0.013803255355217153,0.01783697999883985
95,0.007256062352651498,0.14780172922382584,0.0038944822450167286,0.000714843563168782,0.011063975686533205,0.047849718144372715,0.1818278000480504,0.005144911459756751,0.02776480773048863,0.29602322200290376,0.12139607458287469,0.0009396178772711388,0.004564852192839342,0.0009139656861028476,0.001004156144002362,0.05765593909380176,0.008407664144909162,0.02064694446479543,0.006894414782593811,0.048234818574041056
96,0.06716587384294176,0.006047187062480486,0.05408433904897631,0.0025306012160137485,0.25769760416114945,0.02814245384783442,0.0011924903136044153,0.024933054564511566,0.012116066324623882,0.0018430914641837223,0.02937929058413669,0.014924327936581097,0.14529025743200777,0.0019967873199687454,0.002042079434544628,0.0006266376055762942,0.0005191708014766613,0.04840496578020618,0.27629391848819657,0.02476980277098569
97,0.0223416008594989,0.014737406015941949,0.14708511897370566,0.015820356289613254,0.1058662541931721,0.005396336904852879,0.2368559251142896,0.028499368656976044,0.04972438664251327,0.001731521444227283,0.012777795483259418,0.028843957506325946,0.0005583372854723594,0.003928954560506989,0.24699002904788459,0.02867717011024468,0.0007517456593638329,0.031090505833019293,0.008798803018935566,0.009524426400196202
98,0.04105467666603328,0.03065011892657855,0.054333825844550106,0.00218095316033346,0.019343490924705563,0.022470072422849038,0.12003881250684488,0.012290379748840091,0.005017329185127444,0.010833743609560418,0.014666949576304855,0.40865942844329517,0.09257707900748832,0.0015410720687599707,0.00018403153173992767,0.06415004310645989,0.034262726380498765,0.004797604928106061,0.014622154210916408,0.04632550775100792
99,0.026792672239729726,0.05142196982893562,0.0115600688498954,0.004473655302834811,0.31617068512520863,0.10066548713608295,0.0740119294639198,0.003790746024575647,0.025629651034431624,0.014405885884845645,0.04234982485663471,0.04639543903636029,0.02342446626928318,0.002293079123546086,0.051274660239335426,0.019479997368718638,0.0012063536265730585,0.04285561220747144,0.1191798643008033,0.022617952080814123
100,0.0014996612362021863,0.0006579946084367493,0.001468779243570874,0.15026590259601022,0.05764939535092858,0.015563435035115534,0.0015738351880998248,0.004558796603942663,0.0030212893581810416,0.12384990714488937,0.5184452645570081,0.015237030098112366,0.0007495479913473866,0.02936591599395054,0.0023298686331813625,0.02074296988157443,0.018510534618623276,0.018050181391094794,0.0017063815861239782,0.01475330888360649
101,0.011487422959268929,0.1106179785606856,0.022396375571153062,0.02405528491512491,0.004293705502638132,0.14268221193622066,0.003026273743116341,0.020448641042724244,0.016648847054362342,0.010475944063614998,0.020159969744958813,0.05401443510610126,0.052998077909905426,0.01111934984524016,0.02542455977075107,0.0016842303040060813,0.0007352138028315306,0.4375139637430599,0.024702499493855227,0.005515014930381247
102,0.056553715269634555,0.012229392460813842,0.033308096444924766,0.06627487367949979,0.0008598909508362107,0.007431627178894817,0.4634771608396989,0.014786013736107346,0.03919672164069555,0.0869424766201588,0.01760516173979698,0.02230771290780885,0.00972353680530064,0.020187668190060265,0.03721366048252772,0.06188671001919698,0.003002495269525889,0.004421938405289648,0.010052584010325235,0.03253856334890332
103,0.18354485007621235,0.04413575014821171,0.4344036982239663,0.061841558480582974,0.0039536762730515386,0.0062930225204810225,0.004905802531992225,0.015722493205240492,0.0014349976415582557,0.010006682999020708,0.0006078505264120728,0.04858918105867621,0.0007098097154549549,0.11158426379017475,0.002102993549324169,0.014958347682581528,0.04308617834577034,0.0030580926089507103,0.008332718699690137,0.0007280319226474211
104,0.010752867228229697,0.0015042013326801915,0.01637858792670114,0.05067713577295081,0.11507167886113776,0.010306908779837417,0.0018337650352637678,0.0033269641116298655,0.016825894095872655,0.04831260547997169,0.5785956452453448,0.002408182842909891,0.0014581146111522741,0.028155876517139824,0.07275126246736147,0.003445172681133344,0.00495879297073374,0.020408187673563505,0.0029385414939027943,0.009889614872483375
105,0.09713007266791641,0.0022243341326122503,0.012970938674813942,0.32834919571050036,0.005579728022144996,0.0003890845332827496,0.12227134142933933,0.009520804918292733,0.014595464633456224,0.1346794652785624,0.03789402315008243,0.06688462620782018,0.00013533113914839857,0.045773972490383494,0.05385918930776713,0.003242029486729621,0.010530294232367848,7.604835480221095e-05,0.004281363473683148,0.04961269215629422
106,0.0002347631201369518,0.005254882032742337,0.049266127712724594,0.048680476784948086,0.02696445636504132,0.12212092714073791,0.03301365256399948,0.015331698718040401,0.003265697704033047,0.009777117860072196,0.07010750395383218,0.18135878611063158,6.62516226443468e-05,0.08476571324436488,0.03562977504222144,0.0041179043220900685,0.042603272533565995,0.02020190479336344,0.0802253892899693,0.16701369908484048
107,0.006006447006010567,0.017957758457067652,0.8233037775075601,0.005305173905271724,0.009241672990903008,0.0022540890161332817,0.001984597467342092,0.011211022726106516,0.004677874644545123,0.01610678701094598,0.0024680026265591487,0.0018062515701100174,0.00469906128038807,0.0499663330171168,0.011080719111000911,0.003940650637457531,0.0022139678156983924,0.009643933051452008,0.01488826502680744,0.001243615131523563
108,0.0947588383223083,0.010761163706927632,0.005793555427144374,0.0007823452822480071,0.0507539247116765,0.002053922128041923,0.019574113888828966,0.20844463505526806,0.001076580629616789,0.20286035773975455,0.01869189129304704,0.004958687077996793,0.00948098771895764,0.002318137972287835,0.020066445716654877,0.0054782318602365244,0.20448368817578944,0.07120857602249259,0.007075849498839927,0.05937806777188235
109,0.0002627530728478134,0.00040767562237890414,0.14639429866351278,0.016938882126138213,0.0005712273444450742,0.0061539573313674064,0.005655194898909397,0.08277145048447712,0.07429860308062915,0.2033312572226287,0.06828661898662954,0.029251341173924687,0.002165827699686662,0.17690601258571492,0.021047895965935957,0.005792604094070635,0.015533589136810218,0.07745057243702815,0.05452822036375552,0.012252017709109272
110,0.1788061777947321,0.020609357769834455,0.06485757791959869,0.2582350150634122,0.08439059827514372,0.07172019599529084,0.005376640062670766,0.0222804710634324,0.002700661335841815,0.026043656970584056,0.0585127222506741,0.0394891972965393,0.0005178495975530862,0.013186497680703367,0.002487294335943129,0.08911097817465542,0.04694989498149475,0.002100674088890144,0.00850347336588138,0.0041210659771243946
111,0.03284748589136513,0.09458166351448705,0.001313718691145844,0.08065871225694085,0.038241537541495625,0.005479431324435622,0.08499008503284108,0.00417132224788072,0.12622641939007567,0.1327629575080563,0.027363581410738975,0.007515520674358291,0.00754161201107812,0.04755066079975261,0.016965455212811707,0.01094456992421968,0.08534237914505968,0.1672762096363904,0.014018463688388867,0.014208214098477862
112,0.0021574408842425456,0.0022373602455897186,0.021162247111210047,0.0011878573105711778,0.054841087566576296,0.006944398024818439,0.06452322927493259,0.028736625598461938,0.014784902147717792,0.13598949862922163,0.004973043332326446,0.009279993626292466,0.000647060498922063,0.016394609858471663,0.022411891004213116,0.014443922961288554,0.00909649593105759,0.018178997287008777,0.5698484875984969,0.002160851108580172
113,0.02322189494820939,0.003654866374437166,0.32664422691394196,0.059211540609256465,0.0978276704042456,0.0004316753967694131,0.21478374675062603,0.0019725183349719455,0.01263902490863704,0.006329805525980531,0.014168779544429822,0.032754016287044094,8.62134082990049e-05,0.07681872712638638,0.06877567086499119,0.030985552782235023,0.005402391211633696,0.002805059460405678,0.010551752839478436,0.010934866308020893
114,0.01836615396319834,0.0960870784980305,0.3566776640899296,0.2393665889033731,0.07549686651871856,0.003138363944792772,0.016735366401849194,0.0003158507722642077,0.002519780067102529,0.006271134760238989,0.08185625895757438,0.010140493894698767,0.0006619115183614182,0.03456986211811685,0.00039582200484257246,0.026527552493860965,0.002417262800930115,0.012583856423522184,0.0014819302868005156,0.014390201581794534
115,0.013047559853262164,0.0028799282221712635,0.0024030635425015753,0.30232062124890846,0.07161053869973405,0.10239950626221944,0.02089234757284391,0.00681356059992607,0.03552939029952894,0.002315470952098491,0.20764705384074555,0.0034093196747881295,0.0007601827585123015,0.0435879334974511,0.028216547602427314,0.044240551787887286,0.06288202317169062,0.0036678697980099496,0.020380839527025574,0.024995691088267765
116,0.06240696083357139,0.018224640360070356,0.034869499006009747,0.011676691314203362,0.0416109727399544,0.0007553146132520352,0.0032904116861813657,0.008150536226785727,0.009193289990133104,0.5735612864919729,0.03416852935168049,0.04029543047608596,0.01767691526900504,0.002224138509316285,0.058756105236782596,0.029549554079294507,0.014841162030556354,0.008204054368428547,0.018132856387803053,0.012411651028912809
117,0.010635965659306539,0.0052794787463664025,0.030780059090473665,0.010035436299678601,0.036169975409472,0.010006359824723985,0.06461485914964928,0.002738331184672128,0.041941202546158844,0.0812332981037657,0.008196393166421439,0.10995580282303037,0.0032752693234781743,0.045969888921729644,0.06228548495494243,0.05794457301131634,0.11790674791188455,0.020207750643930888,0.014563420638187366,0.2662597025908117
118,0.16139306470100795,0.0017019127401048204,0.0016845516477482104,0.002863088916581775,0.009046325847454786,0.03443438514747592,0.22940172192375394,0.002749821133622872,0.016699622456455687,0.00047707025890934195,0.0026903737868353185,0.01347652665615029,0.23663656297556054,0.00537714082412375,0.0036258895631592447,0.2339944110030541,0.028930768632538798,0.010838053105055421,0.003087269503762799,0.0008914391766443613
119,0.049377108965923434,0.7048075600735422,0.01589635871401151,0.013695296733604768,0.0020118479786443008,0.009442991425274088,0.0003093187911034383,0.0011741239668782639,0.0010649728540740072,0.003868324804699164,0.09438104725619598,0.03286450705836559,0.004934903618159823,0.007314604939978082,0.009181393167545326,0.011869270905860069,0.004975554638960239,0.017335414108709934,0.010067015415285293,0.005428384583184494
120,0.012574121939573076,0.006438888030768296,0.0032496127665611963,0.0011130809157476312,0.21476540458340337,0.0019855082868424283,0.0006342834143227301,0.15621154856840516,0.024812946248610537,0.01280457264075575,0.02965925438840222,0.004060088141872769,0.006145968235690016,0.0025257707487836723,0.021930864776114996,0.003403926079344109,0.04179633769363155,0.44009408865469574,0.0098997442356603,0.0058939896508143665
121,0.1146637388068609,0.0008822117509208033,0.0006282699745734964,0.013025141165178142,0.04880229714119245,0.021786062211230302,0.08153513320400704,0.0065942079435020555,0.22164898200990465,0.008833695591766774,0.02370338733454531,0.0020776220244327686,0.01701381672068905,0.056702396102487305,0.09673184923842004,0.015040917812589224,0.02585730161308237,0.13054946923999136,0.0479150208614212,0.06600847925320467
122,0.005216165510649593,0.0004925117037437358,0.029675367114378896,0.01778680190167512,0.04886265878162321,0.0036382545399393095,0.004278967963620152,0.0011087767484742308,0.028157903402700152,0.6896170773314219,0.09028476004251147,0.0017957832073036862,0.00764670068135851,0.0038774137696060045,0.000957184775606965,0.001771466610849529,0.012682580872320715,0.04431302179708799,0.00607293258254029,0.0017636706625886202
123,0.00872939812809254,0.017305936023854763,0.0008134528002104354,0.0490056697981603,0.005043287029295179,0.0761014798565703,0.07553118065953185,0.004682984234193693,0.05757125629653036,0.00276417605576418,0.026031591238265834,0.0017762618836240686,0.0016547916784026907,0.06953420127632601,0.0355270286391515,0.004794261099734586,0.37116165225223763,0.10045330080617884,0.007580809857911865,0.08393728038596328
124,0.04224097175341624,0.01471375682444542,0.027138299519855327,0.14446854974108125,0.0027784676647389993,0.058638166233670935,0.038544060884352555,0.014550749113538465,0.0016739497118427268,0.030583688969963052,0.022998736164032717,0.014638517445455947,0.35810295197954445,0.11581701505900341,0.015310928690748501,0.004148451057220504,0.0017431513117650336,0.04231130812450155,0.02829049235589093,0.021307787394931978
125,0.0015484158167895885,0.067223840486277,0.007201692006500473,0.02064663668404574,0.019665916012083104,0.03807027607361389,0.12727912669807337,0.007595890296192672,0.06722150853429293,0.37142022361561117,0.1496373050957489,0.0047754897150109315,0.0049957227243691855,0.0027483187669021707,0.035080850424318126,0.0016975125138007593,0.0006892926352382163,0.010229725463726295,0.008048630104660733,0.05422362633274469
