site,A,C,D,E,F,G,H,I,K,L,M,N,P,Q,R,S,T,V,W,Y
31,0.07688807905944502,0.0357812337352269,0.05167659214097505,0.05917703343420841,0.041823080817446866,0.08816141496220908,0.05640988235178733,0.06441925815488744,0.0514229937082507,0.05371746632677191,0.042135907100536336,0.0713618635634942,0.058733581618096026,0.047581773765435105,0.020604538859573748,0.04203938050453086,0.017536260689488218,0.024946212115134956,0.06238893193926431,0.03319451515323754
32,0.02979756031499221,0.0633841092877573,0.20222414089588975,0.13750955258643083,0.00028423028458244697,0.1990620757318246,0.027043987752530085,0.009740522352778854,0.04468441726467296,0.0002703222485198719,0.00350542766330847,0.009176482211020298,0.02215453332093197,0.2114171407340634,0.015355865422124273,0.01177467257004405,0.0061524561201956795,0.004753436140812149,0.001251330549993403,0.0004577365475274598
33,0.007899081386227429,0.022140083545376794,0.46166780594539913,0.05174527349377139,0.0035223574340601392,0.0997369726416519,0.004552870863924741,0.0024067024893425376,0.03291442738451887,0.0022331887532682933,0.043499754914760214,0.0695027074044578,0.0031356745945311914,0.0019340483078640783,0.0047356119979993,0.1270686800022693,0.05118082174166357,0.0010547646548350665,0.008646948022713366,0.0004222244213649612
34,0.005005602770100828,0.0006302641462863107,0.08433790755521445,0.04098226167389847,0.1023665453388662,0.05163300692435007,0.0087904772186771,0.010371945231267918,0.002640086406303502,0.13280123837897018,0.0013435313335716536,0.0626601291993312,0.01339545789790918,0.04989300317978341,0.13206277858106386,0.013843603515296182,0.1683868844204817,0.014396675133455125,0.09054508373270621,0.013913517362466508
35,0.0006384746569094253,0.011839702874978559,0.016655762035324824,0.009364412370009829,0.08172488080837305,0.0024867036050418945,0.0033855870353702014,0.003790292878981654,0.009635705035975984,0.004541451804804707,0.014128695267196182,0.0003376648809045846,0.015234637704554096,0.008641676469826413,0.068374666336066,0.00493362137180955,0.008903503706206774,0.006292513566853598,0.6641536810636741,0.06493636652713841
36,0.005575649128467723,0.016509919081468847,0.007351724266480509,0.003994206427017572,0.008839657286400914,0.012069888561140217,0.026387877833364205,0.004247655336765581,0.004182249842607194,0.0041130744686677986,0.004954718379095062,0.05360585240170188,0.022527786698861647,0.008761129891961822,0.006306788278036206,0.001777904563983892,0.020764245148004467,0.7752136161708955,0.007644432970247455,0.005171623264831648
37,0.011352550037927574,0.000864673665777758,0.0001543630957770284,0.0005609602428571514,0.003809657271809235,0.18691892114654515,0.010787553967391908,0.010818081444939665,0.057065465608571404,0.0051391729752999155,0.0020098957748879796,0.011419494290722044,0.016707950568206273,0.013328249263267393,0.005715791827352068,0.022248019647082565,0.586945419501546,0.012294001211136673,0.03101765228133327,0.010842126177568872
38,0.024567727498814022,0.0364696567492314,0.018359186446535176,0.005432443625024595,0.015457375674105848,0.002423962577818919,0.05011757435947939,0.08039705738336808,0.009124066783985611,0.019225696664663505,0.008774649036171568,0.002007195295501817,0.07932379527353865,0.06746104247225582,0.009102438320699202,0.0009400452409653294,0.023612768570405215,0.5270834059218082,0.015143679216714521,0.004976232888913312
39,0.004916038811479824,0.0015950445068958383,0.0074740287778583886,0.02406470049787555,0.16802940976174793,0.0056426105635342,0.004477880311792906,0.004946565012306932,0.0018515749647067948,0.0031160390416138653,0.01636326636642795,0.004456825056754552,0.05174161462946711,0.024804007544604392,0.004668727482971391,0.0063313511072469065,0.017280563443292627,0.005073859642552794,0.05352573469674162,0.5896401577801285
40,0.00949096205699753,0.012091739830944893,0.02352744545036051,0.0027816443845297477,0.19201639823392697,0.007637009801571413,0.004122754747873503,0.0004856481291893561,0.002560474041406999,0.0009787681119529735,0.027038015108643086,0.006697466121462057,0.01458656410237397,0.009213592842767994,0.0064052807972445934,0.014418421097172184,0.017037514943031053,0.002164477571911925,0.04378403826741446,0.6029617843592248
41,0.004072606852247196,0.0021413793789174574,0.003669936012130044,0.005371146212184769,0.02500899032194872,0.6683868641395275,0.059823692944178664,0.0014508124248468913,0.015793983808524828,0.01656481531270842,0.06179159808405166,0.00529667629336864,0.014078702256775275,0.0008300881293342478,0.0034024716106738433,0.03173361565627268,0.00395820361394895,0.0016576130597181912,0.07046625954159144,0.004500544347050466
42,0.16507991698075133,0.04572788208280131,0.0015753062324317484,0.006952445399137602,0.04571569917850965,7.793210980772673e-05,0.008380973722361058,0.21264124929540196,0.0023615251674029866,0.01075538811700823,0.028470480948412858,0.005951732650892694,0.00330771746706467,0.00396479428423627,0.0013038518295238385,0.001597793694300163,0.02631535001980036,0.4061031427480365,0.022771961633018662,0.0009448564391003402
43,0.001024987435754984,0.0008968736463798668,0.05167637076034191,0.004513346017870457,0.008936409748828266,0.06279452575127151,0.00707265792107323,0.05223963614218165,0.00025504842572761697,0.0003985012371237224,0.013345904221911637,0.0004000798836382195,0.6593396786661511,0.07697046533969695,0.0002693308460474705,0.01559804215981528,0.031001294391065526,0.0010519372502200764,0.009251837145383343,0.0029630730095173245
44,0.04120144142042934,0.013739887460724269,0.001199598863614786,0.007516148556321905,0.006854184836668918,0.0009416082838152904,0.0015626806370377959,0.21596423188716213,0.13999242453220917,0.006726406304594011,0.006096324097172562,0.02971369264843307,0.009254732527613021,0.008381638105357941,0.01486093184966505,0.0604819513024492,0.0002406781760377957,0.431270938175526,0.0023465911005265743,0.0016539092346411512
45,0.017731679668037542,0.0015133982903526057,0.009771071113839751,0.0030832986789656406,0.15000609351795446,0.0007788658715408844,0.0032926860515910925,0.0880627414113084,0.0024033189701782426,0.00788774502067189,0.002172999050940313,0.009526185644486956,0.0033409542495908646,0.08183731617255967,0.0029584040877058586,0.009814677614127378,0.0060052977118327236,0.0013944946614204417,0.3952100387542652,0.20320873345863014
46,0.02258573437181621,0.008000977099026814,0.0013007950559412423,0.015792670007046046,0.05842886917205153,0.005857418495805936,0.3685808227043556,0.04968668561044137,0.14444011622332362,0.020845544758368265,0.028119013322686837,0.02892215552990934,0.001452383958445631,0.02701474740370906,0.027057248114181788,0.08925678751392876,0.02261256543922362,0.026136076976606883,0.016229561586109744,0.03767982665702165
47,0.0303012611157255,0.0006188436307600409,0.3228940303174688,0.1040404931544521,0.007278804419277221,0.000858276901227035,0.006956394304143525,0.060393882028622295,0.005927530857846819,0.0068970919278623245,0.007180164886886076,0.007337049867579148,0.21726941708005493,0.021531291288283433,0.0013400896970055358,0.07818166182965813,0.09136949278777175,0.0010092416863054278,0.015662731121844676,0.012952251097225064
48,0.09618084073805548,0.022805737161219655,0.09483837813825922,0.015688088462345574,0.041079961833816805,0.2932746243301303,0.036001236267428655,0.00018707757009367944,0.0042239578598677885,0.003686090696413228,0.021237505326893672,0.0031673445190829826,0.0007029310181352011,0.003719690485896763,9.687796920721279e-05,0.038013403290848596,0.09224483157946596,0.04091236569104123,0.1828887511121503,0.00905030594964754
49,0.01332980867617024,0.07831700922451135,0.07203659260838735,0.06831240419887075,0.014455026730204032,0.01491976291655185,0.07391115830379173,0.02676339734634044,0.010214377505697791,0.03383659097241635,0.00875593556135132,0.0024943441796689294,0.0007039156511850154,0.11898457159429439,0.0035892917771967914,0.01769031821242939,0.08142164917574556,0.2856875471021412,0.012756749133861177,0.061819549129184324
50,0.13162978057050173,0.030865001639363215,0.019322638586055704,0.05256865399492708,0.008855724782587254,0.012833904659659223,0.0018453444238935705,0.024246501094512214,0.0010298757930293767,0.0060414025973371446,0.004937983901748114,0.004618779651483038,0.030251286288616945,0.0029961927479470944,0.008233226062557707,0.33239524105090285,0.17537188023597794,0.1136170273444494,0.002721928619698094,0.0356176259547522
51,0.021141404801591483,0.014851546952017573,0.14358393434919292,0.10610454090033276,0.013369075013726577,0.06362141266361415,0.0005616171742367031,0.024126446927016418,0.0029437432639980803,0.009162473625779,0.06036783415203567,0.0007187219922962017,0.01195050083693436,0.0356030470198864,0.0014302448745082347,0.022803630389891198,0.03785160550122873,0.21756201830770686,0.20660352599985365,0.005642675254153039
52,0.0030971974637981326,0.062214924131862595,0.021015026574095035,0.019900206066184,0.01053039773431657,0.01905909849650355,0.013291807622213735,0.015562241942903409,0.006124879618240838,0.6778877712147555,0.018492745058480316,0.05785982223396325,0.010102379100661626,0.009182096889453137,0.0029183437086181215,0.006734604563575588,0.0014175498435033758,0.018636102713436235,0.018039766115020756,0.00793303890841422
53,0.0008376005707731823,0.016962308449075172,0.0016635984946181495,0.034812408367774536,0.5937433586327663,0.04182415770718144,0.018474905846316277,0.015553973471481956,0.009602123679236872,0.04875901929351881,0.05029673636012462,0.015211051843471967,0.0011943470167078529,0.0027137618932013196,0.00718463621477784,0.03641884216090701,0.014472553167784173,0.008218972815023642,0.02780769437477684,0.05424794964048177
54,0.01048602298296388,0.7776542911327873,0.03451723230031298,0.017012087619489476,0.0025995478859472338,0.004052378139563705,0.0003907153226544748,0.08708438997169417,0.0015693520215023938,0.0008423720992178994,0.0012287871975828648,0.006571155383157039,0.0016099016088999935,0.016388146865789953,0.006757867397393536,0.006812452110850975,0.006420982465707548,0.0034564459932126114,0.0039886459358514275,0.010557225565420755
55,0.29434038710416843,0.016922057690509182,0.014329399310544265,0.019086663745196603,0.007423213087296336,0.040638233004925355,0.00029933560631607544,0.025565799103305628,0.01469801827159731,0.07321738026674399,0.015708007810660504,0.0006884811698464816,0.015677135961037637,0.0012634175991339761,0.07129607238770552,0.2623636248112291,0.08500054972728761,0.01222510177276012,0.028123624131841288,0.0011334974378946496
56,0.03859526235545695,0.00801256406740443,0.00016127419722774,0.007246772001060858,0.009167083233920993,0.00244874880429522,0.048060691852913034,0.212729742946657,0.0016744847938474235,0.0323093253095868,0.04730030150453453,0.04108500447494799,0.0007391035496699589,0.009670695877489791,0.02311727879237061,0.07296881272363669,0.10439437553316692,0.2092209407462479,0.02916711264074376,0.10193042459482143
57,0.03696654520668284,0.043288222406234145,0.2730533185904645,0.03424593729697695,0.03772235088289621,0.023214288570874698,0.025914563456627147,0.0113743574892595,0.027038219004878673,0.02465525263514831,0.03274561008845451,0.14255203505010877,0.007091811067744287,0.07485153505840723,0.038661717750805895,0.04072747553102981,0.02882217438361192,0.047367369442811405,0.028063150370979808,0.021644065716003243
58,0.014432272645366293,0.04995856769904259,0.03862624743240729,0.03257252203034808,0.020884751028501708,0.0546321597911425,0.07870868633995386,0.030067916688650925,0.051363426704015655,0.10332815324371149,0.04743593623234753,0.042972667569825394,0.014761901033395641,0.04290916999129911,0.1547012306543872,0.05628154846360966,0.020649071667974524,0.05226482017516099,0.020578740653374755,0.07287020995548477
59,0.06821033189832494,0.04472201530762974,0.0543252181230792,0.05171853561752772,0.051985716864473216,0.04305775365110972,0.061815609468596586,0.01409498279809877,0.10986303496316313,0.010415469727292605,0.06549173720137831,0.08112439808311776,0.045626063333811,0.04305932683357234,0.024186225419374083,0.04670074259741023,0.0661659253342225,0.03536550164270704,0.04212234035806572,0.03994907077704551
60,0.015988012155955668,0.048150093909258035,0.040769617431140735,0.038822141600694485,0.04973948002275022,0.06622165887339289,0.04870485107350606,0.04992732264391523,0.059481246616817446,0.09495878993350006,0.04765133854272202,0.037976154817634666,0.09301780827164881,0.04386632135938564,0.08147211650738159,0.024386479664047354,0.03746855215295555,0.009109839570621213,0.05478968433745559,0.05749849051521673
61,0.005672208638967352,0.006561129266633007,0.02705920758132853,0.006341268897986119,0.02911691434265277,0.21905473856789417,0.014802204121145444,0.10227102664676423,0.004215871735424142,0.2359161915717978,0.010421673599670146,0.024414458071351983,0.06594020259301629,0.0012684977908663532,0.07442302011879653,0.0009427938369838581,0.03254945789149769,0.093204231499907,0.033317747998171075,0.012507155229145537
62,0.012147020607901415,0.02776277094553599,0.007722288525342672,0.04482030828453828,0.036312670838286036,0.08832673237529458,0.14647185447869493,0.004572767886318651,0.16936153149109848,0.011170709018987363,0.012463537202005708,0.039891290555489255,0.20847875165050725,0.008029955950957327,0.005887897265016859,0.02094139615524727,0.012207359396358685,0.002763143439125571,0.13319858837019707,0.0074694255630965165
63,0.03884687570380813,0.055681983718520664,0.008816573721910907,0.026765905592758817,0.0742698749576717,0.12047298485161445,0.005996414694704788,0.009849101289179431,0.23121130766833498,0.0718561806228079,0.017170772779156178,0.009167463133896058,0.05444154962274525,0.0656239088514004,0.009609050040953424,0.09932478994734982,0.013003653981875255,0.06304396946155477,0.020413246383926664,0.004434392975830335
64,0.039474196727672585,0.10563259498161852,0.0765381324175974,0.028876633905742553,0.003227343682662233,0.1961780950409721,0.09626779867821897,0.00738920227336548,0.0072096561600606575,0.003621909467233008,0.05307018323956569,0.03394794731536795,0.0731454173852326,0.006707128941810243,0.006776371878524444,0.12168754389125591,0.07441275315225818,0.012237313403189457,0.035263821630906966,0.018335955826744837
65,0.028148888992419907,0.021006484266155867,0.0030246492782224775,0.1503814226839744,0.22042105813151514,0.001650225270874581,0.004556032725110676,0.0030905922046730546,0.11376435315451444,0.003879707676637019,0.03842934516991088,0.08674343957882973,0.005219976800860795,0.030958214643731212,0.028923645897460017,0.00564879160410783,0.12709924313649573,0.008757334991441107,0.11286412310760574,0.00543247068545942
66,0.06367145794184713,0.012471396801706313,0.04019550960718267,0.04523515537059537,0.013014999398820757,0.28103290013047705,0.029010434977874807,0.0547987069413283,0.009322548783011912,0.03894509673571899,0.009097014466142316,0.03303853818954038,0.02060534369339524,0.0026999556930834543,0.00014987250805770176,0.14185248214624802,0.051318560336282945,0.07254004849596293,0.03063582045595466,0.050364157326768966
67,0.004023712494376403,0.021966749280588043,0.025771849840809533,0.05287353609671493,0.0007677480387283873,0.048608646203183836,0.025677044920423043,0.031913100426629454,0.004395827052427964,0.006088913439636447,0.01742655142204197,0.21271354347354762,0.024252306862958966,0.003661834888905373,0.007438442661557996,0.1781226444708654,0.2981176984083655,0.0023665546504701685,0.01957868469653988,0.014234610671229164
68,0.010845437654194628,0.0010737059826429628,0.04443343381056287,0.008419648419216818,0.020237748517308432,0.006322990973881873,0.10461310597428641,0.21655424751084035,0.022240586437862996,0.37850823407479267,0.04742061212328557,0.008698040322560103,0.00027242350327592066,0.0027112881997790107,0.018835981536722092,0.0009335844405859135,0.05303811768240664,0.024795693973566624,0.004498794803044705,0.02554632405918332
69,0.009329373795626266,0.0058621065911780195,0.015510778522627973,0.014233366136249252,0.05625996508335595,0.0029516796285816655,0.06263389705609407,0.004915378933241789,0.016535835825678066,0.11565470965079808,0.2924327977768834,0.041161868723881306,0.0060169455360829845,0.0054200450556551845,0.03182896652505271,0.00015202748957824356,0.0026987775329994947,0.005289249169919543,0.23440714445426164,0.07670508651225434
70,0.05416687015074443,0.0041061342580634,0.01315367443244391,0.05128549960227172,0.046623657115217466,0.032134005485410226,0.009985200636872449,0.37860852577978027,0.0021771823792521086,0.006189972935737765,0.027151863941125703,0.021062926701954126,0.0027280628624229207,0.051672821124843796,0.004934703329309264,0.14519563818778336,0.0007844891207124284,0.11928221430668323,0.022843914590143757,0.005912643059227584
71,0.06441744779697012,0.046917501781867044,0.016635076076907236,0.08502506163635672,0.008869923015835963,0.011733937009219365,0.0010262457586723498,0.04884227311787366,0.0003154252486263541,0.013672042518902725,0.004671388786063505,0.0008658180938856132,0.05258484497929442,0.029590787824039986,0.013749482242244383,0.24505743546818784,0.2842951509229047,0.01764835448864891,0.028761973710524868,0.02531982952297437
72,0.010481465112196596,0.006907050854054564,0.0167709950603772,0.0493468051125412,0.0029142637384811233,0.08888616813698753,0.1272025923311478,0.012731542157554149,0.1488494143115485,0.0014223920080636606,0.018378470495274808,0.1290766498645528,0.0021041360670243786,0.019285399249078426,0.08036468478042091,0.02478445348435781,0.10514209328384391,0.013738008827119041,0.12990619397840045,0.011707221146975052
73,0.049144925824623494,0.022562015130012464,0.03916965778069569,0.06666778629137232,0.2185601991101921,0.03510428613591591,0.010016122294120446,0.01109543201845734,0.017009280958746913,0.03380594700222744,0.009578902449397764,0.014707730445069478,0.0013658771618201377,0.17812447305344278,0.01317082963550574,0.11009982373065233,0.014479641156259764,0.01636584949609556,0.05906565299412835,0.0799055673312642
74,0.0020280838432517956,0.5505262635092506,0.014042265225881785,0.008540632579222421,0.018671746475959858,0.009539082277379122,0.002185302129464826,0.014132589258066484,0.0028503815212452322,0.0034237571579987893,0.038593904949400945,0.010028827510912946,0.04668478028932322,0.08317211166308794,0.007274599364752819,0.019451264648213947,0.0026159770306879355,0.011534237980888783,0.09907059970872584,0.05563359287628479
75,0.09314547535186363,0.0017587058427323908,0.0021453442243066978,0.0007833881075410689,0.05362650428021279,0.003299882596641286,0.00012152507089316775,0.3118130273115653,0.0006629463220184533,0.12047688536487794,0.02773785332838544,0.1238543679338128,0.03130802015539095,0.0053146538324561525,5.2546561442068285e-06,0.01648123821362807,0.0213884245974866,0.1788381945784024,0.006365112102759482,0.000873196128881263
76,0.034858165839912955,0.0012684860759327565,0.0652840036312999,0.018625573250432136,0.00019209450024186632,0.12550637122854322,0.033561588644425794,0.006152979924909483,0.007832639859318693,0.09573094375568103,0.026097255238417758,0.12171818596216086,0.39137861326809503,0.024557065600480505,0.003220629799491614,0.01563776346830521,0.001645090407329776,0.006259960815748025,0.016506503094422878,0.003966085634850294
77,0.03256090202333993,0.01116435713988132,0.00034456644672078995,0.012959585998320235,0.04459669986280815,0.03301769762300515,0.021638769907438588,0.10821470407827145,0.0009172399060179105,0.07248665153170664,0.3407922656144074,0.027176493642760428,0.0015184966732451517,0.04953083751409445,0.009578501986481877,0.01143639572625904,0.030079482182295506,0.05856768660560014,0.11015328694009502,0.023265378597250978
78,0.01705787502139779,0.05009370286907405,0.07715801176302116,0.02848293236224746,0.06082543005768333,0.004450986615534525,0.01741900446056507,0.018830755441261827,0.21815802059722428,0.06648450607263785,0.006121395611613553,0.034743576345996535,0.0031285265839863076,0.08786689795705806,0.1204682262095883,0.08402100775421309,0.013224118498213186,0.0004096777809961257,0.0010437687901524429,0.09001157920753493
79,0.08422286849624368,0.012195030854710085,0.009975984914614211,0.013096908507278156,0.07381858031479704,0.032767181713529735,0.05034317818599818,0.00748098296777501,0.011414842611775283,0.052998952994333354,0.03948694228487192,0.05508972929938157,0.15122460937726984,0.17580634272719672,0.02364127336241411,0.04473707585943697,0.06962098119196085,0.05673997723104698,0.0344608428415404,0.0008777142638257229
80,0.0693851602521264,0.02885252964574966,0.07528196549869207,0.13408881041038542,0.005773220513505359,0.07487119463903379,0.003959038744198637,0.013120730053205756,0.03335852331191511,0.037615017455068255,0.029509394980912606,0.0290604666780779,0.0004391158259742489,0.01834421004804495,0.004643101072171868,0.01691178094844992,0.012091489738750622,0.03232505256669575,0.3547136145045975,0.02565558311244417
81,0.022388865713311303,0.04704652042178801,0.24834707018434743,0.06432341273981901,0.015406501987321677,0.03827398880844658,0.012635279353873392,0.011647023705708791,0.03733860506531243,0.022778491398512065,0.04397510383844859,0.12989167122983503,0.059451853362221314,0.04113330078347275,0.006634111542363391,0.027476610357956503,0.11242554535240862,0.03249364997478174,0.01528618935202791,0.01104620482804351
82,0.017356690927021603,0.00415030855970738,0.05714844210133588,0.09757105217193235,0.4097417757998227,0.022299780981044705,0.013050598479934292,0.013035361527886993,0.005310563382540493,0.03688223362076229,0.01084800801349503,0.017985815816342773,0.01621944556551451,0.03466995604115389,0.02503406503641667,0.022383095507738066,0.033251921834953034,0.013961822416294402,0.13733563466693452,0.011763427549168487
83,0.22459380863188552,0.041257282256241194,0.1460394778939137,0.32086124369249336,0.0007949541338947858,0.0015854261029968647,0.0007917708864442112,0.024394360241456376,0.00024561136179212834,0.007314633738219761,0.001073017869184258,0.0057465072428741345,0.01378883879213341,0.05721499169917533,0.0027740873917391344,0.04708454469201874,0.02677738154252016,0.016982551106838533,0.006441651510515012,0.05423785921366341
84,0.006185952684300095,0.061154424871886305,0.02815129746837734,0.02936634739654423,0.024262674007232695,0.08019014365047125,0.039184985586086095,0.05818000916061685,0.006352163185000212,0.021325336285240845,0.026837257695490842,0.01051261620686965,0.0022747786269393714,0.16252830337719334,0.047567140781111156,0.002958208878118285,0.07995965809202359,0.137546480008937,0.16937217619073705,0.006090045846823811
85,0.06372071608494091,0.05640663254673871,0.0016925528946470205,0.008431043733382314,0.016372175731819875,0.0111959591837419,0.042440802082162346,0.0009432963975173768,0.0074568957668726225,0.03390032888189031,0.03172362754870092,0.037874485938914355,0.09258922069695145,0.3405789780126841,0.009446904671135119,0.038444646245735584,0.02942757966556091,0.08627548859451327,0.02418886206492495,0.06688980325716595
86,0.010351855073751462,0.08522379232090004,0.14028900401474326,0.018150149968569326,0.006422109240299474,0.021265465274827984,0.009126927702619062,0.09781442181905793,0.0034395361473460065,0.32737336576001563,0.04174985804172511,0.009895167942270692,0.029016210491092383,0.1029985544669891,0.003977028482302639,0.03458145556679588,0.02384252242960464,0.020995232841510232,0.005035430377840897,0.008451912037738197
87,0.03854818914282655,0.0009372554645774945,0.0049461498952778375,0.05717153016714967,0.03917262864702736,0.002261984481341482,0.0003882672652986738,0.004844578860424481,0.044390111095090785,0.03645110571473331,0.006593394623988582,0.05022361814770464,0.0740445444733136,0.02628422956899902,0.0547101102171028,0.46814565492546634,0.03388056895495701,0.02704813897044703,0.009043560521053618,0.020914378863219694
88,0.07429590635242678,0.003641550151584578,0.030670493434671268,0.023703904185894745,0.1063451581868928,0.001081455159907365,0.2868332896010331,0.05976858246328008,0.008385896082997363,0.05360272871367708,0.03420461008027586,0.09563953828175499,0.10755992985502294,0.006303845224554265,0.03397250354256103,0.006862116168792446,0.0016629439320722873,0.029540222884295097,0.02852805064166382,0.007397275056642049
89,0.011933688858383916,0.0028107426944575993,0.0010819180025815618,0.002972162672432654,0.003567317070141708,0.003384972289993522,0.036698387788340316,0.05434316838769234,0.018020257223196993,0.06074571027699646,0.02985628862754074,0.031062399556735693,0.027199025099002235,0.03094541531870772,0.005698275116503298,0.004917454033574985,0.021377086645682584,0.5882915618063995,0.03321140675764158,0.03188276177399466
90,0.01570400032177312,0.04681863565363389,0.09790915758905831,0.09565361058142688,0.07233175770988269,0.00705116836553142,0.012625230383636435,0.009238633863314688,0.03230167504998229,0.005923405431494166,0.020124056599534847,0.011501369947963323,0.0025088915236948736,0.004677913464100397,0.3966013799167619,0.03904615821378837,0.07216214387654624,0.005078746576502229,0.039806275961601585,0.012935788969772408
91,0.047198612560032036,0.07375436658896749,0.035452586085412865,0.26999632951319286,0.013812706262237752,0.015923722359130272,0.004523702826826365,0.023967547567584936,0.016951482815700917,0.0023211962971434463,0.02292583474026686,0.006743619662240797,0.004382632061686038,0.046334559829126175,0.013918017900513871,0.048587101201193264,0.2461191085603398,0.011299958562457696,0.027214301897859318,0.06857261270808725
92,0.031539622850395015,0.12407857320562797,0.036958504307520366,0.023227284567284113,0.11839454196036985,0.006828584258115876,0.027550707401937855,0.017609646292903056,0.11488816221379326,0.008265094406597237,0.00872453761176968,0.12276743528805271,0.14767545106878457,0.025346323701001792,0.025084562638719728,0.020663971128543793,0.0010092542831736508,0.07199814078161315,0.04149268030680914,0.025896921726987245
93,0.004311294016630767,0.3153956093447094,0.0020855217279284292,0.05237801603212529,0.3224819225105338,0.010395812769988978,0.04817537518536455,0.0014902179100832686,0.0008281092022750825,0.01389075014598516,0.04206009097599424,0.027372116025194862,0.031763167383933116,0.003121389710897787,0.018369263093633677,0.007534985147213758,0.006619258844318785,0.057150653123971676,0.019996364647427073,0.014580082201790164
94,0.060664151454787485,0.02439781573129785,0.027360113885584434,0.046275502843836934,0.13895655826208728,0.006399727410310766,0.01931991754409981,0.0035662617416866533,0.011984334926173363,0.00559472930211473,0.004902996007140064,0.30469836343724077,4.877361028030774e-05,0.04842869643196066,0.003386151893663064,0.22881841027528613,0.0029381834663935497,0.01006708357143936,0.03597137734402023,0.016220850860596527
95,0.07144290649092683,0.1783401270428035,0.003299027654876259,0.004139452695365096,0.01827154581609906,0.027698984280137257,0.004432131155041065,0.05867758269899927,0.0022033698205749346,0.039994383370196854,0.1624686146180755,0.008736232610231782,0.0001221671291083447,2.2194368521980972e-05,0.009880730970534381,0.11330696275462976,0.019820848338584544,0.27244339704049253,0.004331832328342793,0.0003675088164581197
96,0.024580751495920188,0.002009104517542381,0.04903044644017094,0.007968548817457559,0.017690625833730423,0.003870975307503091,0.2295743370639523,0.023714563913850666,0.002244164475020271,0.0006925607106319995,0.010243603095854863,0.0002244965600895136,0.0858252675553674,0.08524382670288515,0.005841592317986236,0.0043891896553119895,0.0004097781688911756,0.17275379691190204,0.21776581413077248,0.05592655632515938
97,0.01971762256315395,0.15572884795008432,0.021967178051191687,0.038578170219068904,0.03196343236451073,0.07133728590211422,0.0059812520023624334,0.017283631922213293,0.04234504293346227,0.00515741712445966,0.011741751587687364,0.038015852332226575,0.008951011360771274,0.007966446553379228,0.03500496516282623,0.05591730028218915,0.03550626400976219,0.33950645117488965,0.008486348328656131,0.04884372817499083
98,0.00039556640735382426,0.017800796726717194,0.1930370612487716,0.03799754216734161,0.002148780561830836,0.001490114320450347,0.14419621803672533,0.01554489422146226,0.012971026293112087,0.015837750004652772,0.042112474746248706,0.18335490210423594,0.0025626237102642615,0.002425772707954296,0.0015571464486472807,0.3033110466911767,0.0032337433981409467,0.009930444108663006,0.0036559328791396385,0.00643616321711135
99,0.019464606883619055,9.488678757480184e-05,0.066454745373837,0.06363075832713401,0.003348257671166291,0.007108660695111171,0.008578963054383503,0.042015524459829784,0.1843756537619619,0.009283158327859142,0.002840980056740908,0.025805450566310485,0.14010174269404577,0.029244081625087247,0.18401834922754373,0.05395093118446539,0.021673842512673454,0.0030890033477829694,0.12863983733206902,0.006280566110804294
100,0.013719054649451416,0.05203905140077239,0.0060660972467190995,0.007013632989859099,0.053943061463416764,0.0027842939743735595,0.003079765687094309,0.030959605319498925,0.018831576416389374,0.06863654180387734,0.49672114531125444,0.008899403122417856,0.0018655870047005387,0.0012619169177949874,0.001847441668371012,0.009547678890963106,0.011534818900373509,0.19960233755206333,0.0015471392641666372,0.010099850416442473
101,0.0511835914234523,0.024644248522038108,0.0027913967043403597,0.009435008479273988,0.0058436215057438,0.0005392806083626666,0.0025265669150880314,0.03763540163061897,0.015660945454032064,0.09425604520833433,0.02741916231522986,0.004975704039447493,0.015372287803518733,0.02720694007256243,0.009997377161376947,0.03504439405024251,0.02729748028415779,0.5495228734993393,0.01780750333645619,0.04084017098638378
102,0.012865807078149903,0.0654826466232184,0.026871469535762776,0.03971441020906582,0.014712700463184973,0.0012862738922889102,0.01863731808393977,0.12310604251191239,0.025829080395214563,0.07638436172353176,0.010350905654653323,0.06779363661890526,0.002346014929308142,0.007209054466957785,0.005396015642541565,0.01660801348533321,0.008724056905676583,0.00857586872666754,0.12802323423233436,0.340083088821353
103,0.05304392608136535,0.009546592590110732,0.006854974237873305,0.059168450216485355,0.020962678696526068,0.07139798164285832,0.010124981427172264,0.005591642122932678,0.0018300576864192786,0.00782290563226185,0.07620061963781655,0.2394685886429784,0.0015591005097613058,0.1839268812620372,0.00861476707704304,0.02196063710142625,0.1573055622094464,0.0037068557826815786,0.018214005575988627,0.04269879186681531
104,0.05691521215877388,0.044059927366363306,0.017967458058340494,0.006373603499480385,0.08395715233749872,0.006557041200454907,0.005144996851953491,0.0031160490126328267,0.0019297983363731881,0.04947630269554248,0.3093918907042398,0.00819855320738042,0.0006992075598496305,0.0160064263592984,0.005455802544098395,0.0036282316166028807,0.012256097308511276,0.09011287738655013,0.18564355665186058,0.09310981514419475
105,0.00655307906059726,0.014646685518054219,0.044689212333732645,0.15525175218051618,0.35063444806046007,0.0015624299803305016,0.07298816144756881,0.005320897698951714,0.027213990625699888,0.012027663320632072,0.03484391136741828,0.007727346881635465,0.0006481765935791942,0.13520584794110047,0.009988145691123974,0.034139886127695376,0.0039379119805344935,0.018476398752507082,0.02048591376108463,0.043658140676777674
106,0.003002848162401777,0.07631185203796571,0.01153095210352158,0.045446002716929564,0.004803136382741782,0.019424425760650336,0.015340112783259367,0.010168717590356185,0.009465846445011037,0.134559413829958,0.08745376505744779,0.02918605878289547,0.002869494432595693,0.14078271006924561,0.017952103976478388,0.06587368914089894,0.0340229527298456,0.007010008678090248,0.12104907057590521,0.16374683874380166
107,0.0008554953986229435,0.0180424840843119,0.5386570730685923,0.2732338697382236,0.0006625209083119674,0.012550677401561018,0.023418789628423777,0.001615235910443772,0.0221492202310997,0.0041253436433998855,0.00422576543814929,0.015922962406800762,0.005409895630644818,0.04301726961980162,0.011268324593918598,0.006825667229817639,0.002167289056935316,0.0019530701120213816,0.010860519019826136,0.0030385268790934683
108,0.009612279557072398,0.017252653544664855,0.06627585504045098,0.0017563462338869333,0.06814562391202764,0.009139582490006862,0.0019186216773931569,0.4255149530527046,0.002861411364255211,0.10310225798288458,0.003054353507817782,0.004451210425217754,0.0003206084771023322,0.11094146400630385,0.01414495719984304,0.0014347353722284119,0.13554319574436546,0.012151570791801593,0.0016488894617619563,0.010729430158210639
109,0.020680288525345862,0.009402645887770629,0.0016098750331161934,0.07985835548008766,0.01806829630419707,0.003567897224001091,0.00716121323127817,0.25177253964693225,0.01890860228262106,0.07399046856628823,0.07610499865700682,0.013459704274369945,0.0045941640387120826,0.015333129804086777,0.11029389282262576,0.008333122756159043,0.08763920906633584,0.18457402833258496,0.000539877101711844,0.014107690964768712
110,0.11117942861131334,0.0034092524543576316,0.03028935315107514,0.026342718976780692,0.028205586951346437,0.06175904646261077,0.10236891858345241,0.02203943678438393,0.003237102743450398,0.0028505497592570006,0.15591476255433148,0.29442025129003835,0.00022010117655895967,0.00901080132080418,0.026983819834234233,0.03655455382245723,0.04072713784830038,0.013440469036653266,0.0006419829716491494,0.030404725666945027
111,0.16969465629839287,0.054327898311638534,0.021311516897514374,0.003026976801268525,0.006017028977469059,0.01085011129243473,0.0398983887770286,0.025311682915249697,0.008122081681066009,0.24260391008995116,0.007026326520101554,0.04586186376283623,0.009036784058493627,0.09822537515581596,0.0001957523000661988,0.0269830866934269,0.013966761940860956,0.07891291067709176,0.021523215112187032,0.11710367173710624
112,0.009164618960839201,0.005669080769683472,0.007699693343384045,0.00253831421819542,0.2469119440773736,0.002407254098534396,0.0021001794211704893,0.03390168540856191,0.006116087246485727,0.005390640747145704,0.01541508454239191,0.028822541946573143,0.0020372593424719176,0.0001776313181919711,0.03654671719194482,0.023779732131995288,0.024300283073457284,0.15675641814930405,0.24801622754694794,0.14224860646534776
113,0.012058373430928018,0.005106389887541743,0.23287326013395637,0.2276772073505211,0.20568475730547223,0.006378268654502021,0.0023765108012252377,0.029808216025036,0.10842144865390659,0.0024853574933956677,0.025899764739019056,0.00041160766893529407,0.003340581060719524,0.0001627351015556543,0.01829361486433417,0.0015162587488855392,0.03821408881993415,0.0020282509270188507,0.010596781871864632,0.06666652646124804
114,0.07390937772190309,0.04198376711528989,0.008317451093732255,0.11225678146193994,0.00749936707635942,0.0021874113745161943,0.011645622177757442,0.017521515728524447,0.047305621041369914,0.030846503036761733,0.0007269126538127752,0.4875458863190436,0.00013537696682154146,0.05735936361587149,0.0009249313662118141,0.02457920669976213,0.034952197602402604,0.009291250063824776,0.026216096569247054,0.0047953603148475615
115,0.33261107400100287,0.003404775523474915,0.03708017037908402,0.07821706173731219,0.008979524152620674,0.07356114820964248,0.0040321224111805245,0.016346367216627296,0.001205524757322682,0.00021887523399889195,0.03429479502414345,0.0008511436265570933,0.0007517079216796862,0.1688662057311374,0.009556559673658514,0.12630442203117104,0.06447163969662836,0.022769756330272263,0.012168826919468717,0.0043082994230168575
116,0.0006137800480523396,0.001816065903138251,0.018325425488769323,0.013678918738116242,0.009981104333831738,0.0001112314856634166,0.01585380470107459,0.01393379346397827,0.06124922778078684,0.23524616696887066,0.08978689442266798,0.008586055887408267,0.13975883068310063,0.029956802813710794,0.0007995983114025075,0.004837506838308742,0.07422871723617393,0.07271032934697164,0.15255791620212666,0.05596782934584732
117,0.13351074623609244,0.008470299524593914,0.01505302905593298,0.050507696541182055,0.019457468248840336,0.14743361624662862,0.018716155010763267,0.005029666416972611,0.05424053140677376,0.046829658073846696,0.057637334889493776,0.07894119213024119,0.002804043823812695,0.09327993095891067,0.03017309513306596,0.18246868072244476,0.017510269058388872,0.028487719311128673,0.0012415351792725731,0.008207332031614207
118,0.010214717366723951,0.004110031827208429,0.021614350223740496,0.04540637507881277,0.0013484354828447306,0.11293580549830519,0.3045126593174096,0.008072271234596157,0.01390510875363623,0.0016999282642120117,0.0009107147207196734,0.004402836515827835,0.12190750024251781,0.03190121264436244,0.001575270897884241,0.09746044182142424,0.16826698253542047,0.0016872294207078324,0.038629849758107355,0.0094382783955387
119,0.03955936334057846,0.5467433116685446,0.013581278165851876,0.04442240033930206,0.0021280860285905223,0.004601584541831064,0.05049000180938441,0.016049539654857184,0.002063742760150839,0.0547739708837669,0.06278828523000397,0.0009773685042837018,0.002656503164671664,0.046995783232028875,0.018386996224677002,0.032869497592829894,0.006811589506701839,0.014199207194698306,0.021355945275661557,0.01854554488158517
120,0.04660474907898776,0.0054363230748157455,0.005259332130656887,0.0032125328685018543,0.0529132765073192,0.010705418157384667,0.006170961965032959,0.06753120768575363,0.005973565776359883,0.09493944506571063,0.08829338838991949,0.009054740799411948,0.00507839634134021,0.011668655199208547,0.035983482748724586,0.004061919545704684,0.01000374320625902,0.5147044426344416,0.011155342684621164,0.011249076139845583
121,0.00481668807553838,0.005157134391952519,0.03246287258852973,0.034918207194605054,0.002930845538345163,0.025606186073769018,0.1057455262741017,0.005896594974998826,0.3133028312914839,0.04843511815252264,0.013421714020791758,0.039838602481279684,0.005283643068436168,0.020757841493408386,0.12439033593196479,0.1183695635123458,0.044371716682164636,0.012691073998913503,0.02438788381703908,0.017215620437809352
122,0.0008645999058137356,0.03735130234378652,0.005935354635314879,0.019579117439316028,0.022549227643194444,0.014915102947624558,0.006851894146433124,0.039560054143991615,0.008397065507021427,0.51902572815231,0.017871278904077973,0.08102069535675192,0.017535047693444012,0.027836569245962506,0.003970023342654284,0.06281585972242137,0.04983020450869584,0.024929974799251346,0.004824610878383852,0.03433628868355071
123,0.014575083223788046,0.1382535098407999,0.004951442109614762,0.004686583484712251,0.024778811346472657,0.0703856272670462,0.025617301251342754,0.0026909609137318615,0.004963613439179644,0.00933938092765025,0.022446360195260952,0.00940280593765098,0.008200819212219516,0.027154522998542034,0.008548421570259925,0.0185151483738832,0.5272918953449673,0.0012320635663183126,0.04732682471891285,0.029638824277646702
124,0.13842403552395605,0.0122595523026796,0.14828587779731353,0.0703971313881196,0.009811982613762036,0.031068270226725765,0.11566076845039373,0.013165236791792899,0.001622676531166406,0.019154615038169853,0.013434184152680415,0.18848979673519553,0.13468524126798617,0.03498570381150241,0.004170708830368993,0.0014841927816535445,0.02903579936724636,0.015280725826477508,0.01833308046452267,0.0002504200982870863
125,0.003621478745046793,0.0029914246324438203,0.0018030851299009377,0.014674395526648792,0.017287249597315483,0.007243857393766525,0.0021524603997446767,0.0361835903747421,0.016790616848169595,0.5993275977789754,0.18596460070906834,0.0074490305101531104,0.011580600251427995,0.014886044273326881,0.007593126198392572,0.0013863462606664974,0.0015582601705802636,0.023410936178216647,0.005668018645430874,0.03842728037598263
126,0.005292116906381316,0.6874758602912105,0.002261559429641509,0.010145352074358831,0.0050487823517288135,0.0029791349406877647,0.0017197980346806132,0.004792022899260306,0.04455892480416585,0.00036361254212844053,0.0020797986747318952,0.006988048634571446,0.0019480362319047129,0.03595153099236252,0.08691866828681563,0.0015685889509201216,0.006947215673861217,0.001183709577677547,0.08737971855546255,0.004397520147448348
