site,A,C,D,E,F,G,H,I,K,L,M,N,P,Q,R,S,T,V,W,Y
2,0.028923900000000002,0.03848630000000001,0.00365018,0.0406992,0.026904900000000002,0.042993800000000006,0.056704399999999995,0.0617197,0.0716441,0.0563239,0.0639419,0.051963300000000004,0.040368400000000006,0.00640015,0.0153121,0.0998216,0.10274200000000001,0.0190004,0.019440400000000004,0.15295899999999998
3,0.0908186,0.0383278,0.08197230000000001,0.0504601,0.0126557,0.0022083000000000003,0.0174212,0.101288,0.0624047,0.10192799999999999,0.0118946,0.047637,0.032883499999999996,0.038456,0.0775937,0.0335193,0.058864099999999996,0.0809704,0.010823399999999999,0.0478736
4,0.0887331,0.008812299999999999,0.0446753,0.0519192,0.00882876,0.00995035,0.0225216,0.0228796,0.08903710000000001,0.0641236,0.020681799999999997,0.0752196,0.026541200000000004,0.052084500000000006,0.031051099999999998,0.15381,0.028284800000000002,0.123123,0.0167402,0.060982299999999996
5,0.11865899999999999,0.07271939999999999,0.00921666,0.00959935,0.15573,0.0395517,0.101611,0.036333199999999996,0.00646863,0.129974,0.016942099999999998,0.0062239,0.019401599999999998,0.0406927,0.00359616,0.00297315,0.0381065,0.0820349,0.104439,0.00572716
6,0.0501292,0.030942200000000003,0.07977360000000001,0.026706200000000003,0.224517,0.016834599999999998,0.00985103,0.0434764,0.00934233,0.17211400000000002,0.07262560000000001,0.0239095,0.0202381,0.0156286,0.00789267,0.022946200000000003,0.00591131,0.0844418,0.039132400000000005,0.0435875
7,0.029496299999999996,0.100246,0.00629669,0.0383091,0.079322,0.0101058,0.00617222,0.021166900000000002,0.0635621,0.196935,0.185283,0.0180544,0.00233299,0.00775402,0.04506369999999999,0.025223500000000003,0.043973000000000005,0.071577,0.00840336,0.0407225
8,0.0359369,0.08023889999999999,0.0097336,0.00845719,0.0951375,0.00330864,0.011295900000000001,0.143344,0.00637271,0.20141900000000001,0.051963800000000004,0.0477986,0.0185112,0.0151489,0.019103400000000003,0.00641665,0.00696166,0.159884,0.0673548,0.0116127
9,0.0235384,0.06536030000000001,0.0298757,0.023990099999999997,0.0582379,0.0231984,0.021638900000000003,0.021052599999999998,0.012111499999999999,0.26399,0.0157869,0.040637599999999996,0.043861800000000006,0.0182139,0.0110515,0.014244799999999998,0.0467824,0.142118,0.031297399999999996,0.0930118
10,0.0584715,0.0610629,0.0226378,0.00778087,0.036364,0.0331957,0.030297700000000004,0.0931317,0.0132975,0.17093699999999998,0.09074460000000001,0.0119641,0.013613,0.0160356,0.020518,0.0444528,0.06893889999999998,0.0699549,0.013041299999999999,0.12355999999999999
11,0.06734810000000001,0.0917131,0.00509829,0.051774099999999997,0.0330601,0.0183353,0.150937,0.0172663,0.00434354,0.101875,0.12599000000000002,0.00366513,0.00667617,0.0210726,0.0152921,0.046123500000000005,0.050716699999999997,0.0223923,0.079364,0.08695549999999999
12,0.123251,0.14745899999999998,0.0088379,0.00558931,0.127839,0.00341546,0.00660319,0.112669,0.00373299,0.10386500000000001,0.00820693,0.0290047,0.00984853,0.00793864,0.0126479,0.0469595,0.037040199999999995,0.08717430000000001,0.0998352,0.0180803
13,0.08013839999999998,0.0174644,0.0110039,0.0119635,0.0141447,0.00995682,0.0621649,0.0523697,0.00989082,0.016574000000000002,0.0294001,0.0778971,0.0128554,0.048907599999999996,0.0342846,0.20757199999999998,0.07625760000000001,0.188652,0.028267400000000005,0.0102351
14,0.13875,0.0336719,0.050763800000000005,0.0413723,0.051798300000000005,0.0291582,0.046423900000000004,0.026737200000000003,0.0283561,0.103334,0.0457961,0.0373314,0.0165679,0.0780317,0.059115,0.046282800000000006,0.050024900000000004,0.051553499999999995,0.0428126,0.022118400000000003
15,0.0765245,0.0355452,0.0202764,0.020947999999999998,0.0238852,0.0789859,0.0168538,0.046882599999999996,0.030554200000000004,0.00803042,0.023531,0.017229599999999998,0.0213227,0.0143731,0.00606501,0.0572569,0.302978,0.158199,0.025165200000000002,0.015393700000000001
16,0.054937099999999996,0.0132493,0.192026,0.0495187,0.0138474,0.06665900000000001,0.131679,0.028749200000000003,0.050475900000000004,0.00653123,0.0499708,0.0456655,0.0129423,0.030409699999999998,0.117506,0.022065099999999997,0.015289500000000001,0.018718799999999997,0.0275703,0.0521895
17,0.389054,0.0306942,0.0237515,0.0533947,0.029826299999999997,0.0660836,0.0219415,0.0325157,0.0223406,0.0147607,0.051732799999999995,0.029550299999999998,0.0117478,0.0199164,0.014493700000000002,0.052756399999999995,0.0257677,0.0403159,0.0370144,0.0323423
18,0.0452978,0.0146364,0.32447800000000004,0.0493821,0.014329300000000001,0.0467599,0.0228673,0.013040200000000002,0.0311372,0.00767576,0.0324885,0.0529372,0.0206442,0.018621000000000002,0.00754962,0.0118484,0.0268942,0.039475,0.029566200000000004,0.190372
19,0.00852122,0.0141988,0.0494014,0.0440842,0.061024800000000004,0.00448478,0.0315174,0.0199112,0.0866973,0.055091999999999995,0.07041669999999998,0.0570577,0.00729092,0.0319055,0.12165999999999999,0.0616883,0.12366300000000001,0.11533299999999999,0.023249799999999998,0.012802299999999999
20,0.0110884,0.027441300000000002,0.0592727,0.0158342,0.0186632,0.00781982,0.0183918,0.413538,0.046911400000000006,0.050259500000000006,0.039992900000000005,0.015532599999999999,0.0105587,0.014659799999999999,0.018828099999999997,0.00853565,0.0618053,0.106951,0.027007099999999996,0.0269074
21,0.0287659,0.524436,0.020358900000000003,0.0170781,0.06525779999999999,0.020954900000000002,0.0157661,0.0152088,0.020792599999999998,0.00650365,0.0265688,0.013360399999999998,0.0253804,0.0230116,0.043644800000000004,0.019141599999999998,0.0105045,0.014563499999999998,0.0470558,0.0416461
22,0.0364608,0.0187965,0.0208845,0.021363299999999998,0.018969,0.0181024,0.0518193,0.502318,0.0530362,0.021575900000000002,0.041994800000000006,0.013678999999999998,0.00813412,0.051329599999999996,0.00847849,0.0110722,0.0127525,0.0554691,0.024724,0.00904063
23,0.021137,0.0444736,0.0478907,0.0252027,0.018396799999999998,0.496962,0.0178581,0.0140904,0.0211523,0.0394088,0.035563300000000006,0.0210033,0.00848127,0.0214211,0.0195184,0.0219023,0.0135415,0.04372519999999999,0.0482166,0.0200549
24,0.010273200000000001,0.034367199999999994,0.022209700000000002,0.00837524,0.16113,0.00366964,0.0318696,0.00867259,0.023586700000000002,0.00256698,0.016733500000000002,0.0151034,0.00281156,0.0181046,0.0261991,0.0370495,0.312693,0.00432806,0.08078099999999999,0.179475
25,0.0447318,0.0568017,0.0267567,0.030142500000000003,0.00985809,0.00373896,0.22375799999999998,0.0481378,0.010179,0.119323,0.0172851,0.0526493,0.0194083,0.14315999999999998,0.026289999999999997,0.0257887,0.0475558,0.051607600000000003,0.0136358,0.029191599999999998
26,0.37895500000000004,0.013328999999999999,0.011935700000000002,0.045897900000000005,0.0219116,0.0248386,0.012730700000000001,0.0335957,0.014208799999999999,0.00662397,0.041929400000000006,0.109144,0.00450914,0.0134465,0.0163271,0.159333,0.0316605,0.0273675,0.0193298,0.012925299999999999
27,0.0173944,0.015030600000000002,0.0466232,0.019688499999999998,0.035528,0.0120629,0.0146974,0.0123504,0.0465581,0.00931639,0.0244542,0.580395,0.00554349,0.0199907,0.00740185,0.0625184,0.021260499999999998,0.00980464,0.0224756,0.0169054
28,0.0095911,0.014082399999999998,0.0366033,0.0306372,0.021852700000000003,0.0095821,0.0153707,0.0282409,0.032697500000000004,0.0085182,0.037009600000000004,0.594917,0.00965258,0.0135268,0.0081362,0.021763,0.0213443,0.0329918,0.0341811,0.0193012
29,0.112424,0.0405138,0.00951567,0.00730255,0.0167529,0.023993200000000003,0.00985964,0.00898414,0.05874890000000001,0.014809600000000001,0.056887599999999997,0.12853299999999998,0.0231857,0.0249804,0.014900700000000001,0.370936,0.016575299999999998,0.036644300000000005,0.014855799999999999,0.00959677
30,0.0208211,0.0245547,0.0326722,0.033551199999999996,0.0175623,0.00641105,0.0371142,0.0192697,0.0233358,0.013809100000000001,0.025886799999999998,0.0773602,0.0615047,0.0150415,0.00958469,0.10486500000000001,0.41554399999999997,0.0107359,0.030392400000000003,0.0199826
31,0.013981700000000001,0.0108804,0.288977,0.14361600000000002,0.012854399999999998,0.0135002,0.0197407,0.00724647,0.00909174,0.0238062,0.0251467,0.02876,0.00642816,0.055947300000000005,0.0165101,0.0177958,0.21137399999999998,0.0238606,0.018119299999999998,0.0523627
32,0.0191752,0.0205077,0.016113,0.06246669999999999,0.016536099999999998,0.00633415,0.0118213,0.059689599999999995,0.018393700000000002,0.0533244,0.0482059,0.0339991,0.0248675,0.0899164,0.13276500000000002,0.0461914,0.250787,0.05565610000000001,0.0212019,0.0120481
33,0.038759800000000004,0.06646410000000001,0.0321338,0.016965599999999997,0.0350491,0.0174429,0.012035299999999999,0.0978751,0.0194229,0.0120262,0.032551,0.0170335,0.0113166,0.015371100000000002,0.00749267,0.0305573,0.0209429,0.47750600000000004,0.0213827,0.0176713
34,0.00962207,0.020913,0.464873,0.053929899999999996,0.0204545,0.058743,0.025505,0.0160929,0.017836900000000003,0.0133879,0.031140699999999997,0.0405972,0.0154071,0.0274858,0.00981598,0.0219255,0.0664454,0.017798500000000002,0.0242827,0.043742699999999995
35,0.0303836,0.0413018,0.0273689,0.026675,0.0158794,0.0120556,0.0252272,0.0440001,0.05311419999999999,0.019340299999999998,0.026897000000000004,0.0243348,0.018716,0.0226711,0.026861400000000004,0.0181632,0.500799,0.014399100000000001,0.0319038,0.0199084
36,0.026102999999999998,0.0241455,0.0180363,0.019562400000000004,0.022474,0.011087,0.0304061,0.401619,0.029421,0.0772168,0.0303506,0.0136696,0.0279233,0.038704199999999994,0.0201416,0.0164757,0.11399300000000001,0.0436855,0.0207321,0.014254399999999999
37,0.00797026,0.0597212,0.0164392,0.0122491,0.0481808,0.010623700000000002,0.012314499999999999,0.030288599999999995,0.010455599999999999,0.0874646,0.0382101,0.00789991,0.00774684,0.0515378,0.159388,0.181491,0.197526,0.00589547,0.0393772,0.015221200000000002
38,0.0802393,0.0179625,0.0501342,0.23200700000000002,0.07777739999999998,0.020658199999999998,0.027052499999999997,0.00973588,0.0326991,0.00648011,0.0214477,0.0421438,0.010795200000000001,0.248189,0.006932600000000001,0.011111399999999999,0.010326100000000001,0.05130509999999999,0.027082099999999998,0.0159201
39,0.0910073,0.018121400000000003,0.0227788,0.046045800000000005,0.0166048,0.0144565,0.0116545,0.023283099999999998,0.211669,0.0117391,0.051313300000000006,0.045923900000000004,0.00908821,0.026924700000000003,0.19574,0.010602799999999999,0.11651800000000001,0.0183039,0.0360824,0.0221427
40,0.017313400000000003,0.0214929,0.0495323,0.0261346,0.028611200000000003,0.027455900000000002,0.0247859,0.022989700000000002,0.0462303,0.00703084,0.027668599999999998,0.41035900000000003,0.00815588,0.0968465,0.0103194,0.035002,0.026071299999999995,0.0189748,0.0340801,0.06094490000000001
41,0.048823000000000005,0.0294055,0.026573000000000003,0.0427653,0.0188002,0.046442699999999996,0.0233777,0.172974,0.0160203,0.0433478,0.053555099999999994,0.0210338,0.036769,0.016875900000000003,0.0146269,0.00999028,0.013799200000000001,0.319769,0.0288868,0.016164500000000002
42,0.13653900000000002,0.0500429,0.0476345,0.05137819999999999,0.0374221,0.038988300000000004,0.0593172,0.15554500000000002,0.0353315,0.00996381,0.039530699999999995,0.0217623,0.0402565,0.0715085,0.0278214,0.0549226,0.0219993,0.036053800000000004,0.0371671,0.026815499999999996
43,0.0426524,0.0371812,0.0398736,0.0362932,0.05941559999999999,0.019442700000000004,0.0549621,0.0488236,0.037845,0.00712322,0.0502343,0.055336300000000005,0.047526599999999995,0.057144600000000004,0.031410900000000005,0.0305745,0.0327777,0.22578099999999998,0.0393334,0.0462689
44,0.043823,0.021359799999999998,0.0252153,0.0393945,0.0224324,0.0228728,0.0310063,0.0253768,0.035131199999999994,0.015530100000000002,0.031025599999999997,0.026786700000000004,0.00828444,0.0302856,0.0147934,0.0472464,0.475551,0.0162898,0.039197300000000004,0.028396699999999997
45,0.0303457,0.0257639,0.070938,0.0166442,0.022030900000000003,0.0506481,0.363521,0.0147162,0.017928799999999998,0.012104299999999998,0.0171628,0.047030699999999995,0.0241303,0.0623438,0.0206836,0.12179100000000001,0.0198151,0.011890999999999999,0.023758099999999997,0.0267514
46,0.0517371,0.025596999999999998,0.0241817,0.016549900000000003,0.048511900000000004,0.0199696,0.04333069999999999,0.0339563,0.0223987,0.0357582,0.04441130000000001,0.023178400000000002,0.0351062,0.0291653,0.0219676,0.306811,0.07601569999999999,0.03530440000000001,0.05698110000000001,0.0490677
47,0.07849880000000001,0.030600799999999997,0.013985,0.00765972,0.11999100000000001,0.00601689,0.045810000000000003,0.0424483,0.0933674,0.0188145,0.0440695,0.00688576,0.0054849,0.08272239999999999,0.0230567,0.00626219,0.05576319999999999,0.210756,0.0131719,0.094636
48,0.0184389,0.0115186,0.029328700000000003,0.0176071,0.036351800000000004,0.031643700000000004,0.012806799999999998,0.0150763,0.028382099999999997,0.00657359,0.022025,0.384313,0.016327200000000004,0.014107699999999999,0.0195893,0.127131,0.0983755,0.0364734,0.05431849999999999,0.0196115
49,0.00918283,0.0283704,0.0257142,0.0191885,0.0297751,0.0106481,0.0165851,0.035834500000000005,0.046615300000000005,0.526173,0.0492412,0.0175439,0.0188595,0.016899599999999997,0.0217777,0.008155899999999999,0.0343225,0.0111495,0.031736900000000005,0.042225900000000004
50,0.020393599999999998,0.046641800000000004,0.016068600000000002,0.00937834,0.0493228,0.010604899999999999,0.03294930000000001,0.0260327,0.014437700000000001,0.504075,0.07595700000000001,0.018187799999999997,0.0159738,0.0144298,0.00572813,0.0155739,0.00920998,0.051289,0.043374199999999995,0.020371900000000002
51,0.315981,0.0380848,0.0112973,0.144321,0.011536200000000002,0.0212222,0.0223887,0.0667177,0.0201718,0.00301379,0.029307,0.00462572,0.00292137,0.0830077,0.00700339,0.00980727,0.06786289999999999,0.11817000000000001,0.00875302,0.013807299999999998
52,0.196098,0.00906427,0.09362000000000001,0.0700594,0.010363500000000001,0.14222200000000002,0.0864075,0.0162976,0.040413599999999994,0.00741129,0.026575,0.0138803,0.00173945,0.0242774,0.0500862,0.0954672,0.049038599999999995,0.0207524,0.0128346,0.0333916
53,0.0475638,0.00432585,0.0280413,0.167219,0.020609099999999998,0.042395999999999996,0.032632299999999996,0.0527557,0.0250433,0.0514957,0.034556800000000006,0.025946299999999995,0.00151945,0.0493362,0.07164569999999999,0.06097759999999999,0.174989,0.05152869999999999,0.0216325,0.0357861
54,0.0640348,0.040860900000000006,0.0120491,0.012207700000000002,0.011787100000000002,0.030264599999999996,0.30609699999999995,0.00680752,0.012998599999999999,0.0077678,0.023649200000000002,0.050513999999999996,0.032624400000000005,0.0321494,0.016388800000000002,0.07412460000000001,0.200699,0.0119015,0.025325099999999996,0.027748200000000004
55,0.038681,0.0204581,0.0300274,0.017659400000000002,0.024229300000000002,0.0102789,0.029648900000000002,0.0374983,0.045810500000000004,0.012844999999999999,0.0359116,0.45215500000000003,0.007736399999999999,0.0343434,0.013476400000000001,0.0406756,0.08064260000000001,0.0147577,0.0261814,0.0269834
56,0.0451192,0.021753,0.0351132,0.10544,0.0477445,0.271305,0.016577,0.010006200000000002,0.06694839999999999,0.00900439,0.0274289,0.013171500000000001,0.0165545,0.0238855,0.015584799999999998,0.08916879999999999,0.022696,0.026464599999999994,0.05540269999999999,0.08063189999999999
57,0.187218,0.040558300000000005,0.00672086,0.00654495,0.0325551,0.023786500000000002,0.0820405,0.00386555,0.0910704,0.0362721,0.11399400000000001,0.021528,0.016315299999999998,0.0449066,0.020514599999999997,0.00950636,0.0126181,0.0596784,0.119146,0.0711599
58,0.011937600000000001,0.0186217,0.018276900000000002,0.0695096,0.0163382,0.0135863,0.0600405,0.19564600000000001,0.010822100000000001,0.363939,0.022184099999999998,0.0127569,0.027823200000000003,0.0347496,0.00818174,0.021180900000000003,0.0133769,0.026136400000000004,0.0291568,0.0257356
59,0.019143599999999997,0.511778,0.0196433,0.0162113,0.09507769999999999,0.046775800000000006,0.0180674,0.0139779,0.0130781,0.0214492,0.0288106,0.0182306,0.0200638,0.0167949,0.017360900000000002,0.0158595,0.013303,0.024406599999999997,0.023931599999999997,0.0460356
60,0.0643604,0.012495299999999999,0.0226669,0.0189477,0.16769900000000001,0.00286258,0.04158219999999999,0.00728315,0.0932307,0.0628934,0.048334800000000004,0.053090899999999996,0.00157758,0.0431154,0.06638939999999999,0.0703904,0.03283080000000001,0.00141628,0.00671491,0.182118
61,0.0038033,0.00640424,0.00607649,0.017094099999999997,0.0493937,0.002787,0.0146184,0.20135699999999998,0.005857800000000001,0.280869,0.082801,0.017079300000000002,0.012193299999999999,0.0102075,0.00707882,0.038812099999999995,0.00783018,0.183437,0.0153472,0.0369528
62,0.05877330000000001,0.00388032,0.137122,0.08073480000000001,0.0680225,0.024915299999999998,0.16615,0.00632262,0.09162689999999998,0.0296056,0.0298469,0.05218830000000001,0.00146379,0.0793168,0.027504700000000003,0.030267400000000003,0.00713939,0.0091118,0.019459999999999998,0.07654730000000001
63,0.011367200000000001,0.0211457,0.0372671,0.0459916,0.0802375,0.278534,0.0515336,0.0216666,0.0198638,0.010273299999999999,0.0248695,0.11273299999999999,0.017948699999999998,0.0495688,0.0236185,0.09732610000000001,0.00900569,0.047856,0.016669299999999998,0.022524000000000002
64,0.0489949,0.00775582,0.021543,0.0982865,0.00634399,0.0186644,0.060407,0.116618,0.08797460000000001,0.0110085,0.0528097,0.06922460000000001,0.00281336,0.019058000000000002,0.0939513,0.0269376,0.0440895,0.15521400000000002,0.033657599999999996,0.024647799999999997
65,0.08557100000000001,0.00494692,0.0533034,0.20291800000000002,0.00838984,0.025601699999999998,0.0251378,0.00533255,0.138124,0.00710398,0.0679352,0.0377292,0.065553,0.0270726,0.0514193,0.012347799999999999,0.0288825,0.027344999999999998,0.033164400000000004,0.0921212
66,0.0449547,0.019815299999999997,0.0211921,0.027191200000000002,0.024947999999999998,0.0124085,0.013554399999999998,0.022536,0.0240574,0.040594099999999994,0.0462624,0.016103899999999997,0.522846,0.0300209,0.0161953,0.0226708,0.023436500000000002,0.0171087,0.026832799999999997,0.0272714
67,0.0229167,0.0226051,0.019281700000000002,0.0182383,0.09376469999999999,0.010291100000000001,0.0134887,0.0506849,0.026324,0.451049,0.032435700000000005,0.024636,0.027322199999999998,0.038015600000000004,0.0584016,0.01069,0.017682299999999998,0.0162614,0.026868299999999998,0.0190426
68,0.0575133,0.0259275,0.20241199999999998,0.08447400000000001,0.0505223,0.04628,0.05175269999999999,0.11127999999999999,0.0124771,0.0548486,0.0132869,0.00833126,0.022068599999999997,0.044653899999999996,0.00472197,0.0195995,0.0360278,0.0703969,0.014564500000000001,0.0688608
69,0.011788799999999999,0.029930000000000002,0.013273599999999998,0.0235071,0.06527290000000001,0.014034200000000002,0.015213399999999998,0.0112385,0.016416800000000002,0.5684,0.0516177,0.0154719,0.018294099999999997,0.016217600000000002,0.0164908,0.0102734,0.014044399999999999,0.0405537,0.033051800000000006,0.0149094
70,0.0630352,0.00892213,0.0562765,0.157564,0.0102912,0.18629500000000002,0.0853676,0.00923358,0.038922000000000005,0.04637569999999999,0.0241922,0.0863649,0.00206071,0.056784,0.0294883,0.0329288,0.031791900000000005,0.00648301,0.018612200000000002,0.0490111
71,0.285271,0.00609253,0.00911208,0.16262200000000002,0.00681523,0.019225799999999998,0.0436153,0.025099299999999998,0.037864499999999995,0.029506400000000002,0.0339952,0.0159628,0.00535009,0.0189743,0.09403710000000001,0.045345800000000006,0.0399943,0.0219622,0.0452156,0.0539393
72,0.00976011,0.552025,0.0216637,0.024208,0.06528919999999999,0.00876642,0.014152000000000001,0.0134506,0.017031599999999997,0.0382546,0.0228863,0.0357539,0.00784914,0.0113165,0.06329610000000001,0.0118366,0.00665392,0.00869053,0.0378231,0.0292927
73,0.0479,0.0301281,0.0228762,0.036762199999999995,0.00681585,0.13554000000000002,0.0180251,0.00886785,0.028801599999999997,0.01054,0.0160192,0.168337,0.00206369,0.08365750000000001,0.0162454,0.0947349,0.245389,0.00302938,0.0202005,0.00406589
74,0.00555311,0.0101575,0.00745957,0.011700200000000001,0.112148,0.00459034,0.00732111,0.277951,0.0099369,0.25751799999999997,0.150308,0.012060600000000001,0.0223593,0.00633445,0.00263442,0.00329467,0.0282908,0.044858499999999996,0.0206827,0.00484293
75,0.136686,0.0270188,0.00838004,0.0174101,0.03457059999999999,0.040306699999999994,0.0309683,0.140545,0.0054088,0.05589159999999999,0.0897182,0.022721900000000003,0.0516852,0.013555000000000001,0.0086166,0.0270069,0.18576700000000002,0.0515025,0.0362121,0.0160295
76,0.159653,0.0146257,0.012712600000000001,0.0503311,0.0165451,0.473947,0.0199148,0.0116415,0.019986700000000003,0.0114887,0.029741000000000004,0.018755599999999997,0.00740805,0.021198599999999998,0.0229231,0.015957299999999997,0.0134655,0.0393504,0.022434700000000002,0.017918700000000003
77,0.0171525,0.0527288,0.028161000000000002,0.016328,0.020142900000000002,0.0337745,0.0172218,0.0180281,0.0248488,0.0531271,0.026132799999999998,0.0789821,0.00969219,0.0184488,0.0206232,0.00880806,0.01226,0.024038,0.499141,0.020359400000000003
78,0.00689065,0.0152493,0.0918572,0.0187392,0.0441435,0.00634552,0.0384364,0.0474814,0.0192394,0.38140999999999997,0.053315499999999995,0.0257216,0.065679,0.0141299,0.0206546,0.00789105,0.0100728,0.0879818,0.029515899999999998,0.0152445
79,0.0373423,0.0207323,0.00794806,0.00769055,0.0150985,0.00576902,0.00790571,0.130455,0.008434,0.392766,0.08619860000000001,0.010044200000000001,0.00958373,0.0128245,0.00458348,0.0167733,0.0320413,0.0263902,0.0694721,0.09794739999999999
80,0.088883,0.017891099999999997,0.015168899999999999,0.0315434,0.00986429,0.5343939999999999,0.011193600000000001,0.0123811,0.063859,0.00751956,0.0350961,0.0166284,0.015086600000000002,0.0146862,0.0318231,0.00483669,0.0101764,0.0492086,0.019172099999999997,0.0105876
81,0.0235644,0.00988764,0.047681,0.0184831,0.011219499999999999,0.0169261,0.212562,0.0717373,0.019873,0.00549677,0.0175885,0.360752,0.00434633,0.0248446,0.0419941,0.050078500000000005,0.0110417,0.01925,0.0183257,0.0143471
82,0.0300365,0.016765900000000004,0.035929199999999994,0.0306221,0.0125277,0.015235499999999999,0.021252599999999996,0.013564600000000001,0.0119334,0.032313,0.0152131,0.013110499999999999,0.583467,0.0266245,0.00763165,0.0265308,0.0277757,0.043941900000000006,0.0237378,0.0117863
83,0.0709158,0.0139895,0.0184913,0.18195999999999998,0.035908300000000004,0.0176026,0.033521300000000004,0.036467900000000004,0.0273296,0.040923400000000006,0.0576625,0.050455,0.00262829,0.0670707,0.00208067,0.030061900000000003,0.0750912,0.0052091,0.0258682,0.206762
84,0.026024000000000002,0.503131,0.0273215,0.0233612,0.0551136,0.030894599999999998,0.0160226,0.0125568,0.023817599999999998,0.00780166,0.027480200000000003,0.0187557,0.00995431,0.0220194,0.027273099999999998,0.01006,0.0373371,0.0101959,0.0684032,0.0424767
85,0.0374722,0.013192500000000001,0.34863,0.209853,0.0116746,0.0435522,0.034998699999999994,0.00925141,0.00965125,0.027126,0.024865,0.0371817,0.00551098,0.0124094,0.00915285,0.0281948,0.0320002,0.0411946,0.0201176,0.0439706
86,0.0549602,0.00506896,0.045100699999999994,0.0210173,0.0353671,0.057483000000000006,0.154333,0.0743575,0.00502188,0.0332736,0.0358085,0.0380601,0.058147500000000005,0.0474311,0.00605907,0.058672699999999994,0.05410650000000001,0.0767081,0.0414337,0.09759
87,0.00868436,0.0306478,0.0245401,0.0218211,0.022650299999999998,0.00662062,0.016802599999999997,0.261367,0.011081299999999999,0.352162,0.0543329,0.0117899,0.0130382,0.031193099999999998,0.00986822,0.00718255,0.0333909,0.0477349,0.023720500000000002,0.0113705
88,0.061174099999999995,0.016962,0.0358885,0.0120943,0.0626797,0.00685464,0.0139571,0.246198,0.00951651,0.164188,0.026748599999999997,0.0320576,0.0102641,0.0720491,0.00454586,0.0486825,0.0240775,0.0790413,0.0505616,0.022459
89,0.0272259,0.00212812,0.112791,0.15426099999999998,0.06374529999999999,0.0369198,0.0125978,0.0473571,0.027255500000000002,0.0743747,0.061926300000000004,0.076083,0.05050809999999999,0.0201351,0.0129615,0.06360790000000001,0.0419195,0.0408867,0.0360216,0.0372943
90,0.0343788,0.00219983,0.011493799999999998,0.0698096,0.0269043,0.011154,0.09426380000000001,0.307465,0.0315362,0.026356099999999997,0.20042100000000002,0.03540580000000001,0.027461400000000004,0.00875341,0.0210952,0.027082,0.025856900000000002,0.019035,0.00714419,0.0121831
91,0.0107964,0.00439008,0.0255163,0.00339925,0.026529300000000002,0.0418115,0.170495,0.0259895,0.11183699999999999,0.0409577,0.21101199999999998,0.0391781,0.0201484,0.014735499999999999,0.050486500000000004,0.041942,0.0425468,0.076687,0.00438703,0.037154
92,0.06275900000000001,0.00914838,0.0342519,0.0225443,0.0262798,0.0450756,0.036181599999999994,0.0376365,0.021198500000000002,0.022830700000000002,0.10433699999999999,0.126648,0.0307681,0.10237,0.039996,0.0766992,0.033770999999999995,0.08077530000000001,0.00752126,0.0792077
93,0.011709700000000002,0.00950487,0.0223049,0.019024700000000002,0.265702,0.027094,0.0181465,0.0106905,0.015303200000000001,0.0712216,0.0203192,0.0164943,0.009344100000000001,0.0701534,0.0338124,0.00830733,0.010829,0.0265805,0.317131,0.016326900000000002
94,0.267493,0.0157114,0.0147828,0.0113605,0.0297209,0.09574110000000001,0.0114812,0.00791604,0.00952482,0.0192965,0.033396300000000004,0.00952458,0.012981,0.025261900000000004,0.0118344,0.322407,0.0269861,0.00846295,0.024647099999999998,0.0414714
95,0.0169646,0.059013499999999997,0.056606500000000004,0.0132219,0.0425728,0.00818338,0.04462,0.0136134,0.0141095,0.00576694,0.0231743,0.026955299999999998,0.00776124,0.0162296,0.00732728,0.026238,0.0199331,0.00929361,0.0219514,0.5664640000000001
96,0.013510299999999998,0.0148469,0.0172843,0.0181237,0.0164318,0.0153989,0.0131083,0.5436270000000001,0.0122527,0.0315274,0.021052,0.0221947,0.00756092,0.048273500000000004,0.00616627,0.0153601,0.019494499999999998,0.117177,0.0324968,0.014114600000000001
97,0.0441996,0.0378073,0.0120589,0.0420514,0.0127149,0.017554300000000002,0.0443126,0.061978599999999995,0.019924200000000003,0.0320507,0.0353852,0.012802700000000002,0.014227000000000002,0.014026599999999998,0.00752648,0.00577582,0.0427504,0.49798100000000006,0.030249599999999998,0.014622999999999999
98,0.0150846,0.0196495,0.0960414,0.383457,0.0186527,0.0301226,0.0208447,0.0114954,0.0445418,0.0257886,0.0547852,0.00969507,0.00692587,0.0642749,0.0077384,0.0129915,0.014508600000000002,0.129368,0.019255099999999997,0.0147786
99,0.010037799999999998,0.0205952,0.0382339,0.0520557,0.00500317,0.017049900000000003,0.07409299999999999,0.030320999999999997,0.030970299999999996,0.05358480000000001,0.013965799999999999,0.07753339999999999,0.039543800000000004,0.0302795,0.12481600000000001,0.107601,0.0487293,0.055098,0.09382810000000001,0.0766608
100,0.0668363,0.00846531,0.0272993,0.0516087,0.0348608,0.017504,0.162632,0.0110921,0.0342351,0.014688299999999998,0.00826184,0.0107811,0.0934301,0.0359387,0.0149723,0.09900969999999999,0.0375781,0.123596,0.111643,0.035568300000000004
101,0.054394200000000004,0.0237282,0.142741,0.10611199999999998,0.00840287,0.025691500000000003,0.0753505,0.0534284,0.0145404,0.061807600000000004,0.0515113,0.0972304,0.00467084,0.0489441,0.0164581,0.0481166,0.031087200000000002,0.0788143,0.042539999999999994,0.014430600000000002
102,0.039476,0.0662431,0.00942169,0.00413612,0.00900351,0.0476704,0.00709263,0.014465700000000001,0.00366192,0.00319282,0.00920274,0.198864,0.136356,0.121522,0.00243163,0.10541600000000001,0.107449,0.052492899999999995,0.017796,0.044106
103,0.013483199999999999,0.00888678,0.0769756,0.107831,0.0167402,0.0379407,0.0746727,0.026871199999999998,0.03926,0.0323935,0.00827426,0.021452000000000002,0.042695699999999996,0.102014,0.010347799999999999,0.024570500000000002,0.119947,0.146839,0.0639501,0.0248543
104,0.0454885,0.00971631,0.0379032,0.029393,0.17168699999999998,0.0148845,0.21963600000000003,0.0568035,0.014426699999999999,0.0572475,0.00341714,0.0539512,0.00150219,0.016037700000000002,0.00965886,0.0228485,0.0482708,0.07216360000000001,0.059368,0.05559630000000001
105,0.07741110000000001,0.0140016,0.014497799999999998,0.0673882,0.011934100000000001,0.482368,0.025875799999999997,0.010424,0.0121514,0.00673136,0.0250297,0.0153869,0.00773082,0.0145832,0.041647699999999996,0.0788341,0.0145273,0.0328481,0.0205511,0.0260779
106,0.11286900000000001,0.0726362,0.0365598,0.0505224,0.0945745,0.0156835,0.028906400000000002,0.021475599999999997,0.015948300000000002,0.0101429,0.035513800000000005,0.053833900000000004,0.0540977,0.024409900000000002,0.0032475,0.150471,0.0231875,0.133719,0.0325533,0.0296472
107,0.012186,0.579365,0.0232535,0.027146800000000002,0.0275147,0.019149700000000002,0.0164643,0.0152043,0.0239488,0.00988847,0.0284692,0.0305449,0.008991299999999999,0.015868200000000002,0.017713200000000002,0.0209032,0.0338754,0.0208666,0.0163699,0.0522766
108,0.012783599999999999,0.0336635,0.0332506,0.012658200000000001,0.0245589,0.00888098,0.058814,0.012964400000000001,0.013147200000000001,0.011771,0.0519057,0.0240708,0.00958754,0.0156905,0.0114285,0.026522399999999998,0.0302089,0.0653658,0.021086599999999997,0.521641
109,0.0137673,0.0165248,0.0248929,0.0220998,0.0161749,0.030179400000000006,0.013365299999999998,0.0140745,0.0107816,0.022943,0.018862599999999997,0.024954,0.512893,0.0483485,0.0172988,0.0284685,0.0468057,0.0109037,0.0487852,0.057876699999999996
110,0.015785499999999997,0.023753299999999998,0.0138529,0.0367602,0.0451606,0.47661899999999996,0.0126749,0.015677,0.020529,0.00529661,0.0487893,0.0123215,0.00761791,0.0155547,0.042226599999999996,0.028944499999999998,0.0128622,0.0472137,0.0835278,0.0348327
111,0.0353288,0.043459500000000005,0.11805399999999999,0.124368,0.055082900000000004,0.00478335,0.0330182,0.0215595,0.00392849,0.0353891,0.0494698,0.037099400000000005,0.007736700000000001,0.12365799999999999,0.00264529,0.059404099999999994,0.02307,0.10652400000000001,0.0677692,0.047652099999999996
112,0.00455861,0.00921077,0.0153695,0.00610296,0.0371939,0.00446431,0.0260916,0.47063900000000003,0.00941679,0.178891,0.0344135,0.013707800000000001,0.00868537,0.0234257,0.00663186,0.00534101,0.012604899999999999,0.0956307,0.0285594,0.00906065
113,0.106466,0.149523,0.029205500000000002,0.0545069,0.018803999999999998,0.13084400000000002,0.140072,0.0433426,0.0282986,0.0467461,0.0377668,0.00254533,0.00473929,0.028797700000000002,0.0203278,0.03530730000000001,0.0273637,0.058215699999999995,0.019034,0.0180923
114,0.037595300000000005,0.023233900000000002,0.120553,0.289819,0.00647011,0.00368076,0.0310629,0.00291455,0.00595714,0.0237425,0.140171,0.017650599999999995,0.00901139,0.0909161,0.00187148,0.11987300000000001,0.00608577,0.00217867,0.0180757,0.0491378
115,0.0494469,0.0182143,0.016413999999999998,0.0104978,0.09624450000000001,0.051738599999999996,0.0250077,0.12344400000000001,0.0105506,0.0522944,0.0321396,0.0181697,0.0567182,0.013205600000000001,0.00908429,0.06189209999999999,0.0350522,0.07613589999999999,0.0460259,0.197724
116,0.06711349999999999,0.0120666,0.05014369999999999,0.192823,0.0165798,0.0335902,0.165181,0.00661014,0.0217518,0.00585091,0.0296757,0.0070179000000000005,0.0301047,0.280252,0.00342669,0.00461231,0.013008500000000001,0.028813400000000003,0.013165999999999999,0.0182129
117,0.0281853,0.023463499999999998,0.015187299999999999,0.490683,0.021652099999999997,0.0206685,0.0505228,0.0385982,0.0513966,0.0140119,0.0420715,0.0290085,0.016557099999999998,0.0179699,0.0130548,0.021805900000000003,0.0206836,0.013058100000000001,0.0480986,0.023323
118,0.010850700000000001,0.0160613,0.0428728,0.0203149,0.0484339,0.00954091,0.010598100000000001,0.0186519,0.010127500000000001,0.587132,0.0392223,0.011012799999999998,0.0188821,0.0721398,0.0105319,0.00764601,0.00640892,0.015466200000000001,0.0236806,0.020425799999999997
119,0.019525099999999997,0.00761255,0.00438889,0.004924100000000001,0.0320973,0.014558000000000001,0.201243,0.0868682,0.0360922,0.0634795,0.05471569999999999,0.048223,0.00195213,0.0102617,0.126835,0.00433354,0.0226378,0.00337325,0.029538,0.22734200000000002
120,0.026333699999999998,0.0229636,0.0491663,0.411842,0.021418,0.042055800000000004,0.0845599,0.020199500000000002,0.0527952,0.00791372,0.0222938,0.0214637,0.00845288,0.038560199999999996,0.00880412,0.017081299999999997,0.0137667,0.0239908,0.0725605,0.033777800000000004
121,0.00590309,0.017443,0.016360399999999997,0.0329842,0.04996269999999999,0.0371316,0.0763255,0.0664765,0.051302099999999996,0.0248357,0.0457968,0.00791666,0.00781421,0.213423,0.102344,0.0792063,0.0209601,0.029337799999999997,0.032275200000000004,0.0822003
122,0.014619299999999998,0.0220386,0.0560654,0.0203911,0.0391699,0.00598514,0.019365,0.0289108,0.0155917,0.417199,0.047247199999999996,0.0195341,0.00974961,0.0207857,0.00676012,0.0733587,0.00849286,0.10391600000000001,0.0577535,0.013066999999999999
123,0.06511990000000001,0.0847143,0.0133024,0.014218399999999999,0.10460699999999999,0.07194980000000001,0.126886,0.0535021,0.027689,0.0150054,0.00987907,0.0850664,0.0040219999999999995,0.015325100000000001,0.0332335,0.09774730000000001,0.0670416,0.0346866,0.0425661,0.0334373
124,0.0399191,0.027060900000000002,0.0215243,0.0174827,0.175397,0.093292,0.025292099999999998,0.0441544,0.0212731,0.0414703,0.0410631,0.0463385,0.00783607,0.11667999999999999,0.021547,0.115027,0.0998991,0.0211572,0.0137187,0.00986742
125,0.167497,0.125538,0.0127791,0.0130389,0.012009,0.00498177,0.0110009,0.0566899,0.0228371,0.0634726,0.05715,0.010548100000000001,0.00659239,0.0108551,0.0157714,0.0266579,0.102899,0.221482,0.0161503,0.0420499
126,0.010725,0.00799327,0.0820169,0.0700702,0.008904299999999999,0.084677,0.00480702,0.0743557,0.0322391,0.036573900000000006,0.00669822,0.0262647,0.0189799,0.104874,0.07234750000000001,0.0880449,0.08182719999999999,0.120223,0.0640514,0.00432705
127,0.03503730000000001,0.00941388,0.157525,0.095353,0.0234166,0.012409,0.011832299999999999,0.00286313,0.0636932,0.026770299999999997,0.0356361,0.0835808,0.00767295,0.0920555,0.0244498,0.068723,0.16087200000000001,0.0106071,0.0222658,0.0558221
128,0.12518800000000002,0.00825696,0.0283447,0.0077288,0.020464,0.00829724,0.0232094,0.249433,0.0106306,0.168624,0.035694800000000006,0.00596272,0.0162782,0.011663600000000001,0.00411807,0.026867900000000004,0.140794,0.0478036,0.0548817,0.00575784
129,0.0411876,0.0130517,0.07881389999999999,0.27607600000000004,0.0152112,0.0140911,0.0901461,0.0441674,0.0643397,0.032112299999999996,0.0239155,0.012074,0.00912188,0.017861000000000002,0.00570886,0.10517,0.0729404,0.05192859999999999,0.0207794,0.0113029
130,0.0164186,0.0220838,0.053099400000000005,0.0335462,0.0298791,0.027884500000000003,0.01766,0.0482431,0.0863104,0.00964081,0.028640499999999996,0.022250799999999998,0.0240252,0.016697200000000002,0.43666000000000005,0.013560399999999998,0.0428964,0.0121649,0.040348800000000004,0.017989599999999998
131,0.019682299999999996,0.0440903,0.0226818,0.02316,0.406542,0.0166211,0.0240215,0.0551057,0.0158334,0.0537799,0.040833,0.030016700000000004,0.010095999999999999,0.033379,0.013710900000000002,0.0303926,0.0126498,0.0356643,0.031947,0.0797931
132,0.11831300000000002,0.0250084,0.030211599999999998,0.25527,0.020240099999999997,0.0217172,0.0272947,0.015249700000000001,0.0635093,0.009284299999999999,0.0328037,0.018577200000000002,0.07031130000000001,0.0876866,0.011126700000000002,0.02454,0.016923900000000002,0.07419049999999999,0.0464028,0.03134
133,0.178265,0.030569,0.0212878,0.0430421,0.0149335,0.0114201,0.022169799999999996,0.25376,0.0397651,0.09021839999999999,0.0553477,0.026215199999999998,0.0106673,0.0221054,0.0254612,0.0148363,0.020359400000000003,0.0409785,0.056846,0.0217513
134,0.012689,0.0727797,0.106652,0.0242848,0.427105,0.0122095,0.0230024,0.0164672,0.017725499999999998,0.030643700000000003,0.047236400000000005,0.017444400000000002,0.0130444,0.0207984,0.0091141,0.016452500000000002,0.0139924,0.0236232,0.021040599999999996,0.0736951
135,0.05220880000000001,0.012437799999999999,0.153396,0.06839239999999999,0.032828199999999995,0.07737689999999998,0.0460776,0.0153524,0.00648618,0.00437705,0.0150506,0.130923,0.150067,0.06675299999999999,0.00798795,0.0986962,0.0192283,0.018896299999999998,0.013012000000000001,0.0104512
136,0.0248382,0.00911821,0.0826311,0.04969969999999999,0.0523444,0.023261599999999997,0.0337214,0.0348341,0.07139619999999999,0.0911065,0.06209919999999999,0.0140606,0.0506481,0.0622323,0.0151,0.0436917,0.034825999999999996,0.0498366,0.0718457,0.122708
137,0.0822798,0.00268158,0.205577,0.131671,0.024140099999999998,0.038663800000000005,0.0276971,0.0708971,0.0145469,0.0384459,0.020587599999999998,0.035943,0.0227416,0.025212400000000003,0.00164478,0.107822,0.0635545,0.0645166,0.00906266,0.0123149
138,0.0295121,0.00317439,0.07778869999999999,0.047767800000000006,0.058498,0.0433311,0.0304033,0.0787661,0.042355000000000004,0.03332380000000001,0.00527435,0.0126027,0.056531700000000004,0.138478,0.037793099999999996,0.0810622,0.0322897,0.0108988,0.0161345,0.16401400000000002
139,0.147451,0.032568099999999996,0.00685237,0.00209164,0.00540907,0.029282799999999998,0.0422495,0.0203566,0.00433952,0.0214793,0.0926102,0.045216900000000004,0.00466277,0.0411337,0.0239778,0.08285189999999999,0.0482455,0.017762200000000002,0.302614,0.0288455
140,0.0126602,0.0511856,0.017119799999999998,0.01075,0.138398,0.026029000000000004,0.011995700000000002,0.00878431,0.0181271,0.018793200000000003,0.017172299999999998,0.0133043,0.00646605,0.0126949,0.0162256,0.00615889,0.00551239,0.00645772,0.477297,0.124868
141,0.049009199999999996,0.00499642,0.0567572,0.155676,0.0129649,0.0378371,0.0117203,0.024417599999999998,0.019703099999999998,0.054812099999999996,0.152765,0.025467300000000002,0.16761800000000002,0.010388,0.0219403,0.0654922,0.039019099999999994,0.0665629,0.00987276,0.0129813
142,0.0056798000000000005,0.010372200000000002,0.039680400000000005,0.037709,0.0128692,0.00503045,0.057727,0.010960600000000001,0.026261700000000002,0.102087,0.024092500000000003,0.509151,0.00525179,0.0293736,0.014400999999999999,0.0209753,0.0182435,0.00619412,0.016064500000000002,0.04787519999999999
143,0.0141059,0.00727646,0.00594582,0.0373837,0.0228545,0.00348243,0.20189200000000002,0.0253598,0.00901781,0.0315784,0.013641,0.055790599999999996,0.00391403,0.05047619999999999,0.0227688,0.07712689999999998,0.020856200000000002,0.0437594,0.018313,0.334457
144,0.0282797,0.0160744,0.0353848,0.00893233,0.00866508,0.176618,0.00816175,0.0714258,0.010536799999999999,0.003482,0.016944999999999998,0.00841077,0.0411727,0.00843618,0.00885203,0.08337639999999999,0.406623,0.0172845,0.029371699999999997,0.011967100000000001
145,0.149489,0.0236511,0.0994309,0.394851,0.0784734,0.035594,0.00685813,0.022589599999999998,0.0124521,0.021906400000000003,0.0212445,0.0109535,0.00286233,0.00562665,0.011239299999999999,0.028705900000000003,0.0125998,0.0228817,0.016975599999999997,0.0216153
146,0.04239419999999999,0.00214801,0.022586099999999998,0.06675139999999999,0.0515772,0.022456999999999998,0.129581,0.0330107,0.0279312,0.038988,0.027458299999999998,0.0722556,0.0505572,0.0649275,0.051207100000000005,0.0102303,0.0240313,0.0946948,0.019892,0.147322
147,0.101338,0.011051,0.0314743,0.07883899999999999,0.0250033,0.213729,0.0723624,0.0381107,0.0452163,0.0340772,0.0132536,0.016675299999999997,0.0154388,0.0395381,0.028551,0.057085699999999996,0.0426116,0.0224044,0.0686735,0.044566800000000004
148,0.043651300000000004,0.00530579,0.019286599999999997,0.0207667,0.027082599999999995,0.0399191,0.026083099999999994,0.243081,0.0243097,0.0780745,0.00465837,0.03519269999999999,0.020311199999999998,0.0106802,0.00953397,0.0916418,0.198036,0.0742157,0.013715200000000002,0.0144537
149,0.0214081,0.0260512,0.0243308,0.0164173,0.00727743,0.043334500000000005,0.025225,0.032802099999999994,0.0100322,0.0148093,0.011889499999999999,0.011871,0.00898532,0.029010400000000006,0.00274314,0.421933,0.218574,0.0261967,0.022055,0.0250542
150,0.157272,0.00301042,0.0105288,0.025526,0.11204000000000001,0.0728885,0.03698219999999999,0.0188068,0.00904147,0.091489,0.013925,0.017740099999999998,0.0112934,0.0301166,0.00212623,0.260897,0.024588299999999997,0.057080099999999995,0.0147923,0.029856900000000002
