site,A,C,D,E,F,G,H,I,K,L,M,N,P,Q,R,S,T,V,W,Y
-8,0.00431028952899471,0.1390452437603509,0.005275024051220957,0.008595625269436209,0.021876300709759752,0.009291316617709116,0.1042968920042357,0.03944867533101309,0.04313336367641346,0.03880972032150958,0.06418557498383096,0.08817934051218485,0.013969349011417836,0.04167144524568811,0.00639221480552713,0.053322035420489404,0.07147576740224344,0.073690641481175,0.0066289247423620325,0.1664022551244377
-7,0.1454170706108517,0.01413284126502247,0.08197718334251101,0.03389041718853844,0.020507043804919668,0.006291179045857958,0.02767698778235921,0.14822389569197678,0.02274789695722591,0.06423837117448418,0.02388619942198539,0.07113628441636978,0.02740256111779612,0.020666054088980382,0.09786848841269996,0.01235137382878633,0.04498845567801174,0.0825823904320329,0.004037751195388923,0.04997755454420109
-6,0.10978481626078568,0.004803707285108443,0.010746547146828758,0.020483362039733447,0.006656069428721729,0.0073844182447090016,0.01065061883267092,0.008068420334460395,0.08818885568849351,0.03403459590920618,0.19772756062859906,0.10271745894136126,0.009684661374540342,0.03728406688658428,0.029498628453702973,0.1128571145859426,0.10685581152680064,0.0706656008783247,0.010104346873734257,0.02180333867969184
-5,0.08823024710795968,0.3604205944792208,0.0005981808334370376,0.009307866242653005,0.1298390666594432,0.01916655311192617,0.045222660346190234,0.009619688683293671,0.01498976001604342,0.13965885577866174,0.026081597307436262,0.0007888063545134552,0.001921315946198216,0.011965967346450073,0.005115036235945561,0.00026007275195495395,0.010847115667214524,0.03361735595440718,0.05738513292685946,0.03496412625019143
-4,0.050389056679920656,0.0335934260341099,0.02183290820369744,0.004777530466016989,0.3321618691308996,0.0012103544437391835,0.004955961265175598,0.018712299702435382,0.0019914584772363526,0.2796163800877351,0.035430499402841785,0.00238440471556106,0.005072245341195966,0.003083195371958607,0.02010754720931812,0.0015749098579855019,0.0039548830310727505,0.0911981511045774,0.008424901542222705,0.07952801793230006
-3,0.011363224365171,0.22145789544683844,0.002358677608407137,0.013606335562545315,0.2027969575040113,0.0006275590201705461,0.0014338890312949454,0.01661911919014517,0.012384265912887098,0.15396103133872716,0.1168528546678335,0.003318219650830399,0.00016854544784380296,0.00303701167239628,0.00654203460746865,0.0030668373190906057,0.00921524942402282,0.07150041515932014,0.14410799237136052,0.00558188469963513
-2,0.013461020694023057,0.020295651774896596,0.000895647892637475,0.0025845643448207684,0.095694275957089,0.0013392240236487867,0.015047243308408991,0.2025623860505001,0.005482538346848159,0.40026164196427255,0.0808808164042875,0.00702378894927624,0.0023192202582109412,0.012060392495311371,0.0015670661619126393,0.00020890296944189895,0.0004521176984241294,0.11352365076782073,0.021441166335526854,0.002898683602642261
-1,0.002147035869419,0.21330685411192,0.002639763400729501,0.0037407529140302868,0.02262257604170921,0.0015359960442542355,0.003470280863493615,0.03598091376190934,0.0009270964979366412,0.33194276689551144,0.008939478639372686,0.005558185295038302,0.0065498487098507455,0.0014231791825663346,0.0045786857367777645,0.0017798794578417266,0.01079402326644138,0.29641805265380183,0.003875202127114249,0.041769428530281684
1,0.016237657209205083,0.02872893890574805,0.0030426708528742074,0.002899422737500035,0.13520144968503522,0.006584433213298802,0.02209917783615781,0.17166633302486625,0.0009433127254343258,0.16578953400760524,0.10118908818440953,0.0010399994157288446,0.0008294960111358976,0.0015342957515720726,0.0017516550420433375,0.08558964479030517,0.056473119618337314,0.026527284944651786,0.005690269651608122,0.16618221639248285
2,0.05442366876841803,0.04820958602829433,0.0004548268444556632,0.02402940914607913,0.2503696099786888,0.019474130778345047,0.10103827697579916,0.027380324484932803,0.00026676346539495667,0.11977652368213128,0.06641710775250635,0.003932152453105538,0.0007254323132944987,0.0899722748839895,0.0014021918161617336,0.05269046408476194,0.011842214737448177,0.060713722070495614,0.036042458272942106,0.03083886146275535
3,0.13089076753045634,0.08477024748283664,0.0005958882909469827,0.002374545275770877,0.2245602079073836,0.00023079094499475048,0.025170705834868714,0.1852468175438139,0.0014708465279815322,0.05046911336229532,0.003904264003985922,0.005647910083056239,0.002814296320402993,0.0023916290168893395,0.005699851533919962,0.02130427067663911,0.024038050579884326,0.1847096068225523,0.0408346788030889,0.002875511458232432
4,0.052475495004373963,0.04037074240383077,0.0026710426340977138,0.007924636936905037,0.00560835045088917,0.0012910763128931378,0.036985588012086484,0.02920878798468935,0.012784400366668643,0.011940195824184568,0.06837214932138468,0.01899510105409575,0.0032876308492855127,0.007595512857545961,0.02792680962860596,0.19372869558616526,0.11569774552137385,0.3485320022871831,0.012176041751484307,0.002427995212256968
5,0.2378306655538546,0.013995092104367668,0.032860760310450536,0.023315022134125448,0.023922555567025505,0.099094916506184,0.01706420897419994,0.008298393804034186,0.015936980786351748,0.0759805360500816,0.02267030799120873,0.020318811936444373,0.005366022741604388,0.20090531400546846,0.06972806649629577,0.03219678218508296,0.022723333030488475,0.03572776422451606,0.02941856544647972,0.012645900151735787
6,0.02652069077118884,0.004993436050564126,0.005515428058689227,0.003012215037533109,0.0027073077262828663,0.017152347355850764,0.003017629090676604,0.1568591191722212,0.013645294679602654,0.0003313408366653345,0.006648727373407013,0.0063015124017832755,0.0028942518422859533,0.00204674776961738,0.002413326125941985,0.06434310911943719,0.5588108984101338,0.11350835780792252,0.006137882663875802,0.0031403777063203704
7,0.1830847352765518,0.0056680627872388156,0.4456459607010282,0.017198629754596125,0.0028858223542989818,0.026737605798907545,0.07461564215102623,0.009740801710216159,0.01996559473164079,0.0012931485518016892,0.02491729868848326,0.023483964407361398,0.0008308327214147077,0.005754637175989686,0.1011967708536539,0.011282081759850016,0.011657728167097509,0.0016160564295764355,0.0059753974483832285,0.02644922853088341
10,0.7590295804199957,0.012348247978759394,0.01345708414802004,0.025891539411508683,0.003361649040858717,0.06479474656571882,0.004856406089021651,0.008795254350794335,0.0031310005367272092,0.0010883716252026744,0.016262566064225575,0.005105439856742153,0.005492516870016034,0.004892910672360122,0.0018510450538538523,0.02219520772216032,0.007210358885498009,0.022427238138302892,0.014027179785835831,0.003781656784397918
11,0.010158709498649648,0.0015989030828413634,0.764640614207523,0.011034660301124377,0.0016437026992558788,0.012415953396894658,0.002628993314333827,0.001675372852592365,0.00510096509110876,0.0004147218371798833,0.005861992577216239,0.01594685622820661,0.003079282812057367,0.0026765875251966763,0.00040800962149925335,0.0008993361753496871,0.008272673145590692,0.006693698860409572,0.004453401665265708,0.14039556510770426
12,0.001346665426670464,0.001514965735623814,0.010657144605894779,0.02105748916390324,0.01624399579641408,0.00013147521630018388,0.07630026497255529,0.0041016386723969145,0.07390216261249398,0.08933375848213254,0.06850057392444574,0.018544119468023843,0.0003435765522360752,0.054665602066250416,0.1598180470175606,0.15772008520888456,0.12226109136456452,0.07219993863265096,0.005463827255698593,0.0458935778252993
13,0.0006937968898030778,0.0030339772842679948,0.006676675320271781,0.0014642029764167213,0.0030621604868546768,0.0005084463174528596,0.0019065273213826825,0.8091002011494738,0.011300961499700585,0.030257013267781012,0.015565463269361075,0.0011716961558579824,0.028615758358841663,0.0014124729048295163,0.002252459971581109,0.0005946384425645594,0.031208434228189925,0.044658523333534914,0.004054949597160182,0.0024616412246739237
14,0.0012317966890190786,0.9506249967257032,0.008352416232495923,0.0010499588043998878,0.00872853771426013,0.000984902434844709,0.0007453429273711818,0.0009754457712066602,0.001744324808144932,0.0004472798365609373,0.0025099635379098838,0.0013015875815043426,0.0011545492072920038,0.001214934351061618,0.0037424913887979055,0.000755806058054626,0.0007803733719928254,0.001525432774416275,0.007957474336371497,0.004172385448592706
15,0.003504130213892813,0.006035856715047414,0.0015792642146411767,0.004922213446391948,0.0012136333257759151,0.0005868227712340691,0.0039226644922195075,0.9345239159044504,0.0077399256212274704,0.0007995721340848821,0.006137152177104112,0.0006716896024511132,0.0007330655418336173,0.003544934771469071,0.0008941942092865419,0.004508643400710823,0.004848299653294961,0.008083961991090587,0.0044549532088485645,0.0012951066049450089
16,0.001412473531124243,0.00703743517067902,0.007395597437378406,0.0023940940910675795,0.001170283279439902,0.9436441270414044,0.0013980059400825965,0.0010433093676571498,0.003971617719199856,0.001978299032706232,0.003836480345766725,0.0017604637208759465,0.00031730801482807803,0.0024210320017102093,0.0021761154300048357,0.002794130009054701,0.0005170457947362672,0.008673038001414762,0.004508739471274746,0.001550404599594618
17,0.0037269111046913032,0.006938357388115657,0.0018437089803264816,0.0016635841050752474,0.092235505413462,0.00016548630674032895,0.009661414601774256,0.00172048666513289,0.006667668689762239,0.0001531562257733156,0.02610591645881676,0.0016768682964421126,0.00015832924116100045,0.013354685459786646,0.0013771848528080074,0.015280806902517513,0.20079917217793286,0.012108560699993729,0.01997069338704438,0.5843915030426433
18,0.025700839362968308,0.015219730428558178,0.00665513494983206,0.004004301399713086,0.0008933463915344287,0.0027184137661794804,0.582566091817784,0.007586783275653269,0.0009100650003063443,0.08586244222958579,0.013277539669919214,0.020891114129852312,0.002087433426218386,0.143507261200206,0.003349933812027161,0.0032033075270919624,0.0143583406595377,0.05450322370353367,0.0026485933652294034,0.010056103884269314
19,0.80051789391724,0.0013395250516703304,0.001106036265879342,0.01257896623159129,0.0020578778237603863,0.0030462267834140072,0.0014634619779622284,0.0026424709708449327,0.001135898320476183,0.00026730109324524286,0.0055500451289996686,0.04497784928731367,0.0001875231681029123,0.0011908331988786207,0.0005384149595407793,0.10822441897234124,0.004411254484809743,0.0029552612071126715,0.0042980561905323735,0.001510684966284307
20,0.00068747840312001,0.0009423627566407523,0.02264179275923216,0.001383425782724823,0.0015591914288651408,0.0003739759651609157,0.02704053526531942,0.0011154331230975834,0.004126042912653905,0.00017685799609660772,0.0030969503154923885,0.9111996919291532,0.00021096952215437958,0.0009790686910726874,0.0007171432018374782,0.017600965436581642,0.0007734262312766572,0.00028593828655535964,0.0016576472191188725,0.0034311027738458864
21,0.00027895323648660696,0.0006431123502014068,0.0029980630302307416,0.011336669217415891,0.002280246599681077,0.0009186104035027576,0.0005705710965534918,0.00132260682247505,0.002798477460305616,0.00011975601220319079,0.0040950811724768865,0.8093562695983364,0.00019049512407515946,0.002858217738609467,0.0008184505624412523,0.003811403527122514,0.0008430489086058702,0.0014110046918435115,0.1520795761319155,0.0012693863155175554
22,0.04527133180883993,0.019722592194167988,0.00045224681177734533,0.00123497405792635,0.0014303242946707687,0.0045469255785053385,0.00407569316867305,0.0005866381706049013,0.007541210127954012,0.0007828009539772477,0.0077796341830319235,0.09753448715123762,0.0034216214830481463,0.0021115553455116256,0.0011848529406924349,0.7573917450737672,0.005324398113943574,0.0035766001197916047,0.03249105069908535,0.003539317722793657
23,0.0030029923882126885,0.002544332570478748,0.002260451861406337,0.002318086048638139,0.002781082957256266,0.0034444357459289233,0.0028679468761463,0.002898656206206625,0.0012883555923380275,0.00048234100303021037,0.004354271230573336,0.022407309431896758,0.009007661811405266,0.0010743077184613258,0.00029966098158461745,0.05254082256004735,0.8769249686098726,0.0015846173998369008,0.006232226235691785,0.0016854727709879256
24,0.012123481106686476,0.001387228970045377,0.6878697162747048,0.060696377837919965,0.0036030723452029744,0.0015406766595878606,0.0035934789941097045,0.00709749465775615,0.0012337201924610625,0.0020281486805595896,0.005393305248716626,0.005792339799204808,0.00036650245824225203,0.014909110667690791,0.0007131421040425912,0.0007429264579000741,0.15406508168315164,0.01691143206757453,0.004459457036112756,0.015473306758329988
25,0.005318986873193224,0.00760101960510923,0.0055996450629281005,0.047432907310105965,0.0026744414934792033,0.0003955458109153333,0.001224763094915483,0.027872171181149662,0.0017084989578169812,0.049055345453043804,0.10198746522082357,0.014956047176232222,0.002787786731160209,0.02567245633271121,0.1223869217620164,0.00880434954156715,0.530241699609184,0.03639167241868629,0.0067138231935492225,0.0011744531714128984
26,0.006490296481693903,0.006766528398711505,0.0035730034450699977,0.00439873497335704,0.007547078913194998,0.00205801244813934,0.0019970637418181667,0.017094030800066624,0.0009189352257409665,0.0009873312167896237,0.003684406547361085,0.0012315663560501025,0.0004434064874108631,0.0026665454109491837,0.0002215476902916005,0.001301814219055913,0.0011344869494628075,0.9315797418381732,0.003812878817882924,0.0020925900387802096
27,0.00507724073510795,0.0028351265132865538,0.9217245232686744,0.007874931413726773,0.0021611069000121103,0.007967330526854688,0.004127404772493059,0.001552767024387132,0.0013671134823183015,0.000876811820618454,0.006310629464803903,0.010739414726839971,0.001261920508839058,0.002531728785921973,0.0005405726304970262,0.0012253855396045727,0.006378855344033588,0.0017000737105625707,0.004091106029194069,0.009655956802223788
28,0.004834374299373054,0.004127677820201817,0.0031828814869312425,0.0022785481746020924,0.0019134174265586054,0.0005594719871753305,0.006185443130179828,0.008466717388930466,0.018054938278272297,0.001039695764833182,0.005133319366340489,0.007484526320124092,0.0021227049392833763,0.002205866542576007,0.0019104056797864548,0.002749434282539802,0.920157284663254,0.0011869650717047573,0.0026700654964125032,0.00373626188092069
29,0.022465080419044683,0.002490394629215796,0.002575856615003309,0.0019252215118110109,0.0053304690409016475,0.0007271832968983893,0.002498549154681813,0.7016077457988851,0.007865240919087043,0.12454990586171195,0.02560481191910827,0.0009588201953110931,0.018702173479462143,0.003029050501460161,0.0013144815408895436,0.002050972307400654,0.03655995857640286,0.027478145691579033,0.004068408618908293,0.008197529922237214
30,0.0018841016994238652,0.0099439642821139,0.016212703495761666,0.004366806754684224,0.012213036652103612,0.0013693057424891135,0.0008128138023514525,0.012134650076436418,0.012262298156103392,0.03628436755011513,0.00865324872892391,0.004621980214245071,0.0014531459207363648,0.10219468856758332,0.24533816021482235,0.371248309060344,0.14041582579448092,0.000540502498159988,0.005044425157497691,0.013005665631623668
31,0.2753438749776928,0.0016787904066594644,0.012809710277571171,0.2020750274318763,0.014412332973346119,0.00310497829576435,0.002051324086521801,0.0005242955183189853,0.007193424288507619,0.0007025941469879344,0.005330737417931944,0.0076128219313926935,0.0003244861519828414,0.4354898701371453,0.0009213941172110666,0.0113496717444949,0.004094391461602206,0.006191429295388475,0.006664772913032857,0.0021240724265712877
32,0.024109297435915625,0.0062741464620758094,0.004449149965401521,0.015912321657238517,0.003040239471688712,0.0012822149331279972,0.0027269631138438413,0.0029217007028999697,0.5415416261257023,0.0005755039465169447,0.025678237194368903,0.015415121440105437,0.007938628342176485,0.002767631369136176,0.27965799558664345,0.0019256232000976574,0.04920132978884905,0.0031134237460874147,0.00775423076892987,0.00371461474919416
33,0.010116404420986116,0.0029084901872444627,0.01351459745019129,0.0812673286098817,0.005025530120114774,0.02170474222823076,0.0158622507906937,0.0017165297014208453,0.011196056542441846,0.0007548450575183597,0.00816350666148252,0.7552656247394944,0.00047299144770595176,0.021044425376930024,0.0010479657299678603,0.011413548896656609,0.016035148218768485,0.0012728893115961331,0.0048112784405501706,0.01640584606812404
34,0.01756867862267066,0.004914357027860315,0.003078773550285884,0.013185188186909957,0.00426581459152993,0.015864556157974736,0.003009310811580229,0.07201933062717115,0.0022215913471430072,0.01585630636775826,0.013773694484977296,0.009561271599874105,0.0038918547539349155,0.002114903482762569,0.0017242049632809051,0.0008657603221736722,0.0012069069181588393,0.8057962906007715,0.0055979294991284475,0.0034832760840535853
35,0.1233528429928445,0.030280456917272613,0.015040241307135762,0.03918756760920153,0.028627618368148144,0.011543951720964491,0.031079265475457918,0.15292611480668308,0.19922213678108705,0.011942696863454463,0.028845764103292273,0.003176095596056012,0.15401955400318404,0.024590745922870597,0.012573478506233618,0.032851530047333606,0.02808297956531329,0.03509215768334012,0.01889576990345947,0.018669031826667414
36,0.02966665065269792,0.02478756307780326,0.022535754243836924,0.03160565070631882,0.02619222927233662,0.015334951035040428,0.021013570654227282,0.029063427995363583,0.028567728503756374,0.010251657633457154,0.0346916062953284,0.02801423270894687,0.02858133780858517,0.031871055451043934,0.008224595800639679,0.01851521863017443,0.013831009344814895,0.54161559618381,0.027406028652101316,0.028230135349716964
37,0.008164698646098256,0.0019281586438146035,0.0034833763357425586,0.005695989595460344,0.015370237246181941,0.0022822579755440594,0.004029255318605082,0.02252277440295752,0.006781957608962878,0.0007765962535744558,0.006652002878802646,0.001987931724011447,0.0012516739432629096,0.004535707529213322,0.0012474756393981556,0.009487673997864916,0.8889905157333754,0.001645383670595118,0.0095231258361042,0.003643207020430193
38,0.035666518998439665,0.0038410757361833545,0.04296498077966896,0.0055457540194110855,0.00961042843730437,0.006054533284994036,0.7726512180948607,0.0016593626880256698,0.0017384752239139904,0.003472752385931168,0.0071763596561720796,0.009315951332964749,0.006434643451293562,0.01901963869290502,0.004299459421729128,0.05259260593630352,0.0018568225052162629,0.00114490061384222,0.0051850016775957745,0.009769517063244712
39,0.028149561163711437,0.010039835659264923,0.009505802199817179,0.004068759369553866,0.01760822666212154,0.0028824747468584487,0.010634514072880236,0.009599595934052877,0.005074437367421449,0.02009137921528845,0.042986286224623145,0.006245369954130321,0.00793044629794747,0.009442723123448777,0.004112639042679321,0.7481415639367407,0.021224828105107684,0.004485859951097839,0.020083049148586357,0.017692647824668024
40,0.02572678073776864,0.007664323430366274,0.0073883713888906015,0.0031621360611202146,0.06692316357581074,0.0007225353981594497,0.007624608623465392,0.026622611770831844,0.11473926875469613,0.01922173361897692,0.01801649413268334,0.0014126907786725562,0.00024373262609153452,0.05763856895948296,0.014825504075398337,0.014701056036680975,0.04427842267776497,0.35516772932995183,0.003467942074942765,0.21045232594824456
41,0.0011336934701198253,0.0025628168896328915,0.017425752198491098,0.00509384804290482,0.0032901280574773755,0.004717961387683097,0.0010807880338165076,0.0015012459555657374,0.00271838865437082,0.000592158207785578,0.004093122662861525,0.7069789392596499,0.008646291988110946,0.0036097718189913603,0.0012401722487073513,0.14818274297526401,0.06791664204215493,0.002844670244884171,0.01529411103664564,0.0010767548248824088
42,0.0004764535991968619,0.0024094464932139363,0.003215389793520913,0.0032912026969476303,0.1657041777600744,0.00029845232980142607,0.0015997518501766912,0.024743511924358873,0.0031086987144716147,0.7666110836120211,0.011231082193523608,0.0014003831253534865,0.0015397953080907186,0.0036414343623982883,0.0011707814468449411,0.0005392514100068066,0.0014624525989072868,0.0021181982547935807,0.0024227737758021426,0.00301567875049558
43,0.001997861115450055,0.0030468018880028514,0.0015648622774797176,0.0009263223298976172,0.00752792654207633,0.00035422968800857146,0.0016936608614929126,0.006044354133847079,0.0018700948096297566,0.9180205229580052,0.01644783377708445,0.0010786329669237153,0.001627498619542073,0.001154677959476799,0.0002673822365490933,0.0014328083684835072,0.000309843274405018,0.02686734845918269,0.004167324087834709,0.0036000136466281
44,0.2613684981162559,0.18990286842992768,0.022782254083607796,0.20661187602879805,0.0004590906910806799,0.007010088873922296,0.003582533209573985,0.1176279224180814,0.020563033690826533,0.0007303645382484162,0.0032711548950591627,0.0005431019460659625,8.064510180968175e-05,0.030478346040898868,0.00014944558053020965,0.0005755653251626411,0.09501645737248024,0.036606022351752775,0.0021089153360791023,0.0005318159698385435
45,0.14684360185996978,0.0014397851792152636,0.15388373374203593,0.08712635327077535,0.0009634053629903783,0.08116688766928098,0.06807938816762109,0.004037385922151532,0.03547669575748517,0.004424697727889453,0.026932754888786613,0.005178306007363361,5.7728240642713317e-05,0.002743031075468861,0.011050791185301395,0.141441962545867,0.02720507788724259,0.028369579039224033,0.0022459715913069364,0.17133286287938154
46,0.040837356619833,0.005383037556290698,0.015270150703270875,0.23157961068977376,0.011587201925505296,0.033069682953465594,0.018034919556356003,0.02683702734253741,0.008245144740423828,0.02924642037631038,0.17797770227742396,0.024789349861008586,5.943616724810607e-05,0.04706516383469272,0.03810313541625363,0.05736860080439338,0.1922376761689806,0.013254678882657606,0.010602382924650749,0.018451321198923773
47,0.10518655015893053,0.0037326068716053173,0.0040092430219348316,0.0034157945552677985,0.0018946944072025448,0.002289807451885637,0.6424798718895215,0.0013739086716131345,0.0012685501557875554,0.00022061043911210463,0.003978486004547356,0.012748152424942193,0.008021102910902642,0.004293380464210495,0.0061633595797302475,0.03780152024524543,0.12140730798951352,0.008520938534332367,0.007747487850360301,0.02344662637335446
48,0.0023209848213454586,0.001531735081961384,0.005354604973932629,0.0015348390754298235,0.002915487172659585,0.0021370121405818007,0.004240120399501279,0.0049624783416847285,0.017440361510564915,0.0005957705646510527,0.004406383091702615,0.9104456910085456,0.0003981185592343418,0.002456476534750795,0.0004355717275265855,0.004350170207588168,0.028792451177917306,0.000667722226056221,0.003222875486500456,0.0017911458978651313
49,0.037442468936345126,0.0072147884370203814,0.006420154238228626,0.07737589032868503,0.0430101822014012,0.3848101847269605,0.19958109781145092,0.0009464209321532664,0.018874303833450474,0.0003265659592767797,0.010613305616172429,0.017271785017521076,0.001156453824990894,0.04583536538873532,0.011030834663942774,0.07869120320661017,0.0064441005054409785,0.0032863551992575965,0.0232578130461962,0.026410726126160248
50,0.2173364659030237,0.0062847198749031346,0.0020089921448684465,0.0006202294159776728,0.004056029827503382,0.002072747869601405,0.12542224264427468,0.0011786958926685571,0.13206241259200602,0.008555514900754381,0.08893687555811954,0.0023312009523868077,0.001061779283510335,0.19266755978925576,0.017682872213556657,0.00040112587965071734,0.001315266115682631,0.043574725344293484,0.055602680162908674,0.09682786363505397
51,0.0007967349268160912,0.001789184052686479,0.0014785634563906106,0.010561516802745656,0.0013163149582539812,0.0008678021837862465,0.0070424107592206185,0.07284171363330745,0.004255658271535387,0.8694857652809205,0.006901929190528858,0.0007602290949115372,0.003959217692377088,0.003406803318485682,0.0005613134567003012,0.0027105967776813768,0.0014170335255283535,0.005514413742159922,0.002707280086211222,0.0016255187897529055
52,0.0007451768448081472,0.936266687290329,0.008365203984239906,0.001298922994660831,0.013731204437920577,0.005225679755668016,0.0012569596708803482,0.00042869983441812064,0.0007869676255282118,0.0017900535771686469,0.006024779542299384,0.001514731475804781,0.0010400558778181838,0.0016509767830434547,0.0025277111287437355,0.0023171208477667077,0.00044913103254440773,0.0010411146273563807,0.00460989836960557,0.008928924299395522
53,0.0367850213935226,0.0009361045265799717,0.004423630274744135,0.0020307469442632665,0.11239100852246613,0.0003110739927657614,0.01684498772316979,0.0002876181319307983,0.15977806555777552,0.03540956660527282,0.017984125527720662,0.07207859921506392,0.00016347340149917437,0.023905251341967537,0.1287040470237259,0.061104375365567086,0.06253272323779356,3.170192535379524e-05,0.010919776595401623,0.25337810269341604
54,0.00014283874131649574,0.00033544847319323293,0.0010465844931927548,0.001310564965942379,0.006401742323715682,0.0014744406380345471,0.0005641524088105715,0.17014350689532656,0.00034708683195297166,0.6512813395837841,0.01920854433047717,0.000652529025468742,0.000788979304331361,0.0005133920591198995,0.00013563822040719826,0.003225223655110361,0.004021088011636386,0.12608235779430796,0.0019126465992504887,0.01041189564462113
55,0.035652791655245146,0.001954221140398836,0.15924821793504867,0.0300885806899569,0.0669753726582011,0.008014132481460165,0.1123940765916046,0.00023666415573712178,0.09026689002164437,0.0036905295539411314,0.016850805391732976,0.13200446428570964,0.00014942281312729338,0.06183603716644031,0.01298554374394687,0.012925424796162531,0.0024753660054903388,0.0004033707210205815,0.10164715963148134,0.15020092856165
56,0.0011975842354084302,0.0026069468485706068,0.005828914391035959,0.012682205304439855,0.018063183642226702,0.8049856189414525,0.007764130655234484,0.002361094204653936,0.00338118792836536,0.0005738069577727566,0.006749149744642799,0.03862350218273911,0.001353305610271894,0.008268490925286554,0.006740869480434862,0.05658775543015431,0.003002479791082465,0.010906450702633415,0.0059590912566532105,0.0023642317669408147
56A,0.015382587400142603,0.0005911779335476786,0.005069625709018236,0.045974332911477234,0.003907828228161212,0.009783190197254344,0.23358291715587856,0.16289889202126429,0.1342797173362805,0.0013249213109526225,0.025160061210605718,0.026740087567323663,0.0003291998747672318,0.010516230779218821,0.16086410780091906,0.007777612247763296,0.010072565914664338,0.13669035909468488,0.005883688270976693,0.0031708970350990628
57,0.058899472155448634,0.0008484126186278311,0.027584469064734902,0.38254711818287385,0.0005157396405920186,0.013892846110109023,0.011024472440578829,0.000606311675223101,0.08206218001346076,0.1165484708954564,0.02110656329922572,0.03171807686058554,0.058259925850065175,0.041920097071852895,0.016014034179622053,0.019327313730322503,0.030485750469980127,0.004272474074706046,0.006184014856461713,0.0761822568100728
58,0.024941013878386396,0.0016128956073220887,0.002413290749178567,0.0030213347359969354,0.0032057500204619588,0.0009581800112585675,0.0035389485201457525,0.0014477740087056165,0.0025830332217909586,0.0028491293619063505,0.005757339926999315,0.0011890147214542568,0.930219914734546,0.0017702237702063657,0.0005899045191772237,0.0030295871319298982,0.0025314831371788995,0.0008688972612474053,0.00545446035304211,0.002017824329065321
59,0.0010564385524759587,0.002540568999197477,0.0015979493503132849,0.0018383728769298556,0.02543268862814821,0.0007291595334923146,0.0009697577302318523,0.064108181214983,0.004651822337714333,0.8115537128459868,0.012162605347994293,0.0032610726132124546,0.0052961541834194645,0.003769133752066496,0.009503587286375459,0.0007618916920411441,0.001409865034627621,0.04081927427334628,0.007005713261721179,0.0015320504857225922
60,0.042121897681884984,0.0032873515082201435,0.2947657139371767,0.2138845728399784,0.011582255800875392,0.008560467961392208,0.02272562863814021,0.07278136351577379,0.0038939889103377155,0.07374801090095011,0.029884939475452843,0.004465420931033748,0.0061448563265133465,0.04256792774566046,0.0241076748572694,0.010803333600142928,0.025108571762714225,0.06157646678944551,0.004401312041095858,0.043588244775941976
61,0.00044758718439821756,0.0018037325167134261,0.0010290796025762335,0.027281085405594072,0.02421505461597776,0.0005959850857491199,0.0006824276090220407,0.0011666517706798965,0.0007523625430485687,0.9048545548992664,0.004336143247527979,0.005170831025676466,0.0004960521496707296,0.0008029116168799181,0.0003503430162414876,0.016195864617724185,0.003846011544338874,0.0025251166063355395,0.002358950644106425,0.0010892542984728916
62,0.0276541913103145,0.001962974567322165,0.11153523236599948,0.13305357339725746,0.00862581186437433,0.2406276271838894,0.08546900749739889,0.0019488405334265886,0.15893363512983988,0.030076413398703195,0.03664061366491175,0.05528180062196506,2.6998306140667068e-05,0.06856342208710246,0.004788920003931858,0.014501325342307969,0.0048459472934360565,0.0013538180973933465,0.002486748478310809,0.011623098855974005
63,0.2144214278542446,0.001008536656480962,0.014555196429263116,0.08077329263768565,0.04748851243019636,0.04416672601373282,0.009757913495954012,0.00374786638760455,0.015874377291897775,0.007958914766465012,0.0504074658966297,0.00992429035124553,0.21062089236542814,0.005351327917795606,0.02993403674323675,0.011156016980745444,0.09888726524994272,0.014518697491472781,0.03630220937128575,0.0931450336686927
64,0.0003561631236622016,0.9714005292077116,0.0010261480442721386,0.0011787331765137198,0.005489648700954863,0.00047404892236699276,0.0008312012170960791,0.00048446369605675686,0.0008998614976768738,0.0015300725902901774,0.0017525341572803962,0.0015440845320812144,0.00015716338658111842,0.0006786057642597941,0.0050608887353963215,0.0008764127290256776,0.00016939499567469898,0.0003923885901927816,0.0019049102502663386,0.00379274668264029
65,0.04726717676130535,0.003032840106501172,0.03531370652825893,0.015922844597231544,0.0012028195696310207,0.11446506429353265,0.0018792721620216237,0.00039560720295577835,0.01120846904965688,0.0006774419575729468,0.0039360801155393105,0.26454400437392783,0.0002755112512165218,0.09114104799349994,0.01249745318707308,0.15565062424150886,0.2366189924502069,0.00011379853975271084,0.0023103918195952703,0.0015468537990117176
66,0.00013734220991714187,0.011659612326991748,0.00039426012055204,0.0007213661982597339,0.056045913774963936,0.000119698803983921,0.0002447165372124163,0.3636612423373745,0.0006927340904098094,0.35489314261127475,0.04746658394531621,0.0009967459981868193,0.0008990428687541367,0.001040614670913105,0.0005688424138529786,0.00017197821061660848,0.003077999936090718,0.15535625801021466,0.001676204389918217,0.0001757005451964807
67,0.07798566400035101,0.005607344206272527,0.00028318297100443353,0.006955215097046892,0.004997220570316136,0.015556098393238543,0.02178480791205288,0.1024844364892934,0.0037368458378639843,0.174092847221979,0.0611965805229634,0.01185386079153522,0.0857716316432008,0.013452663137039095,0.0021658609833381578,0.01687203303512058,0.256422424421296,0.1211180882167135,0.0055227435166614654,0.01214045103271294
68,0.044779939737184166,0.001385691388745134,0.0012445476831884654,0.00876186361900047,0.0016786702356308026,0.9091598318738452,0.0013460422207515527,0.0006073947108483985,0.002282269624208992,0.00026624805252797434,0.0026572494566050185,0.0011077063728967677,0.0002793966296646502,0.002317542080492527,0.008013346372182257,0.0005225075995291923,0.0007119587401646282,0.009560125360960276,0.0022492520358974046,0.0010684162056760033
69,0.0007890528651672985,0.010712647215751702,0.0020886758392395684,0.004382381864851577,0.002515375527676685,0.018405668932656757,0.0012177356512789205,0.001130522110956984,0.015675233305599112,0.016284236692539766,0.002871494854781552,0.008373045669774455,0.00048081200068783684,0.0077728129719283785,0.002197397366493704,0.0002870696207221577,0.0007325380799358644,0.014612168237109794,0.8874166611702239,0.0020544700226240525
70,0.000441609675587257,0.001904587974722495,0.016430791218563837,0.0012807923767924894,0.010657268485434815,0.004049517215728771,0.006260029351786272,0.013123174359624509,0.0014638524226672726,0.7921007836139174,0.009321835066092923,0.0029818006629825835,0.03893266463224137,0.0013997586307631096,0.005369470615435847,0.00043747633250456583,0.0007054362304840813,0.08751107095688747,0.003752198867587317,0.0018758813101955102
71,0.002258406360017507,0.0010987187740283562,0.0003418366728491365,0.001025782934267011,0.005065119792772491,0.00016049259083099828,0.0004670605664238179,0.10646235083987043,0.0010530190130860302,0.809533381961896,0.02190325351006724,0.0010401019751841538,0.0007816851418942081,0.0018603218998844353,0.010762436443729607,0.0015721047375769767,0.004533910140636434,0.0023691360558860427,0.012003454003653788,0.015707426585445366
72,0.029382723894401695,0.0009942264475624896,0.0008065399317118152,0.004695402691126396,0.00032567907449582704,0.9128509196916884,0.0010743346867716696,0.00035840633855199435,0.004514288405234632,0.00010422729791980882,0.002917213515520283,0.0006674381435038892,0.0004120746705090536,0.0010259405867888386,0.008184724829576042,0.00012940677702733878,0.00032413912888553303,0.028942752384498713,0.0017352439823367794,0.0005543175218889832
73,0.020752946823965068,0.0015208504919367873,0.030626599935007087,0.0025065367248798946,0.0009278548815524953,0.0005915484543677254,0.1504249221046208,0.009292928947718972,0.0028745567308018838,0.0001180805178726614,0.0017477305683869925,0.704664817595078,0.00010055265085060298,0.0014683815046843331,0.003382847185989829,0.062023449110146574,0.003609858261628783,0.0009226185508764351,0.0010171823943953089,0.0014257365652396163
74,0.0010492137087052174,0.006521245379275726,0.0017739343981148224,0.0013056529305938422,0.0005325461113441427,0.0004080766670939977,0.05232788352262235,0.0005794416951321972,0.0006076111557945662,0.0058272869436112795,0.0009630198878520168,0.00027740970174775707,0.9143676738752924,0.0012508936637105525,0.00011633712538840298,0.005452344592461165,0.002128186541503897,0.002233404641076698,0.0016001966978355796,0.0006776407608433242
75,0.02783699303199691,0.012406783912655331,0.10065670464794503,0.3758279498899171,0.008747591638112588,0.0046027578318034255,0.0066873553310305535,0.006362625738350273,0.016024067102215888,0.011325723468768006,0.011684854819433307,0.07335105806431222,6.96114918427552e-05,0.02948982040636582,7.334483718550576e-05,0.009290258304736577,0.03221121457721324,0.0044423819901425205,0.04881398708743784,0.22009491582853516
76,0.0012188570637558936,0.9189893943147844,0.0021012109992459486,0.002415788434756941,0.00972134169284898,0.01627673856220478,0.0018364838309365007,0.002785097580000945,0.0017433066794345015,0.0001962896708933256,0.00433774157734018,0.0026641189580779265,0.0004887827389561748,0.0014675157198889115,0.0014867487234121715,0.001412658518866625,0.0023093596916805253,0.00048561065981876894,0.019517795158028425,0.008545159425068009
77,0.007648315416821982,0.007245510618149186,0.8128094892322767,0.11130693314654223,0.0008334828761972536,0.006587224670921276,0.002869816356675613,0.0010107416200316576,0.0006634268435814428,0.002545985784724891,0.004167150214291327,0.01660627932189846,0.0002012477360190458,0.0018131511626242325,0.00029494025191671795,0.00210010960590125,0.0030247829763153204,0.004152493529535836,0.002652975806072787,0.011465942829502794
78,0.026355422371775048,0.00022298917914447553,0.025393678601431317,0.032845795781152216,0.02309596647327125,0.01579335083528529,0.1680679477532381,0.03965276929235742,0.0011098633341349226,0.18493642045479566,0.062102276783461925,0.01909967106308221,0.02565116864499049,0.020628357167121608,0.002394572617064437,0.03806938475175215,0.0247720464777695,0.032751406815755814,0.01912629745775456,0.23793061414466155
78A,0.010193515457201648,0.0021640974754107167,0.0022649732536757683,0.002138458070343581,0.0033506791724003874,0.0008922891098169836,0.0007992584652712326,0.20883698267884854,0.0021807988676711566,0.7117680747240884,0.014816383450900547,0.0010860270306426306,0.0041152758068619425,0.005489154532691728,0.013561579039625285,0.0004919422645945316,0.0017964194168070468,0.004715276476923525,0.006254461260973982,0.003084353445250439
79,0.03371494200691096,0.0010562184842923905,0.008856463096445527,0.06794116827877753,0.027800947079555646,0.006334542396905681,0.03807325325357638,0.3000470845712829,0.008660931762743606,0.24514225587108165,0.009246899911248786,0.007440580277196656,0.0022105748264966067,0.12857432931624774,0.00024473168331954617,0.011248265181904056,0.00835320246624548,0.05008824653979317,0.020678959785452217,0.02428640321052342
80,0.028946605435975808,0.00017414948307673778,0.2360155715033035,0.13109000009965813,0.028448022454640513,0.13104285727060713,0.04041202113157203,0.029616182717972006,0.004560457184136164,0.0431832652363135,0.06188634298863135,0.03050605902724868,0.030667265296311905,0.008336157798072816,0.0025504507152732513,0.02684821103186386,0.053953831913011285,0.05443463419229121,0.016775329597973825,0.04055258492206632
81,0.018677097155476958,0.0002574656192782715,0.018752482626718928,0.07720075958707551,0.2077362328674134,0.000663028555913452,0.033077537241781516,0.2163755525522768,0.009345453102485496,0.036215752314412986,0.08951236115393117,0.011839662457384636,0.006687418243970956,0.13617688783001244,0.009942399040401562,0.025446991448903968,0.027574263442251782,0.024934302991814056,0.002983397962684453,0.0466009538058115
82,0.02129214365659134,0.002741832131947371,0.019583531391459144,0.16047696952946475,0.004495813980059199,0.0893601589010231,0.1050851071889432,0.017301155577969813,0.06724954473619113,0.035655495279663885,0.15357842316496476,0.0928769649225128,0.0014739074097390586,0.023194522045320562,0.039986011006867404,0.03584925556857944,0.05829891694718815,0.03520881948908575,0.02489307499499091,0.011398352077438377
83,0.02236923061750468,0.0006304886218643888,0.09884721516421736,0.05584602237774789,0.017924381423207826,0.0227596092297672,0.03610906610216729,0.04256366826442574,0.003401680109329224,0.0041903580131733426,0.05227344089571812,0.10547907110165756,0.02802400944097212,0.26886691662520473,0.010354917618506508,0.05650135083557505,0.07529138359707578,0.04374093415992834,0.020343054282436056,0.03448320151952087
84,0.0018290638001903464,0.0010281897375631402,0.003065900182508841,0.007900011406204653,0.21154264994927352,0.00170225656941877,0.0020558567411974424,0.01490408196058764,0.023918841079744436,0.016485047816832948,0.00411465873995563,0.00247538804096194,0.0007123089408522617,0.009606696987301684,0.0078079051842433345,0.0010082028854219074,0.0010778120842033457,0.0019476198489661945,0.6792333469907409,0.007584161053831188
85,0.17703780092904445,0.001546799827461194,0.000862543572577997,0.0018531160138892152,0.008210545776898552,0.30063630399824604,0.0022620377739585693,0.0002530213197291564,0.0009774170838738091,0.0006480829684722516,0.0042187998151081854,0.0009916270883204132,0.012508518693556977,0.0014694648488796649,0.00044481844135168527,0.4690130281941943,0.0025017168287519605,0.00035689012501058143,0.00750366354569157,0.006703803154983446
86,0.0004243076519841742,0.015598772190914484,0.0036829810556223,0.0005552079134680557,0.02707235612736245,0.0004645036099271224,0.005701928929933893,0.00034832938082577557,0.0005208343197780609,0.00012327641596105194,0.002223787672006549,0.005697322377917449,0.00037268771439469283,0.0007282241624097108,0.00016137465094824828,0.00425638766423121,0.0005330114045076068,0.0011200723281844026,0.001812649747709941,0.9286019846819128
