site,A,C,D,E,F,G,H,I,K,L,M,N,P,Q,R,S,T,V,W,Y
2,0.010057600000000002,0.0884799,0.036346300000000005,0.016338299999999997,0.0134379,0.0153993,0.146099,0.0525481,0.0552533,0.0629313,0.105324,0.0374056,0.0122252,0.0891306,0.017358500000000002,0.0288038,0.050962400000000005,0.026789799999999996,0.015899899999999998,0.119209
3,0.09411180000000001,0.0350302,0.10055,0.0482893,0.0178012,0.0100631,0.0212951,0.103423,0.00944575,0.0480586,0.06666210000000002,0.0579763,0.0425166,0.0114234,0.11121199999999999,0.03863869999999999,0.07512569999999999,0.029973000000000003,0.0238569,0.054546500000000005
4,0.0847324,0.0331727,0.00429589,0.017496200000000003,0.00403472,0.030338499999999997,0.033422,0.024097999999999998,0.05434540000000001,0.05285499999999999,0.214083,0.077929,0.036331199999999994,0.07232469999999999,0.0549005,0.023084900000000002,0.051783800000000005,0.0425769,0.0457676,0.0424277
5,0.0728056,0.133877,0.00850027,0.043425,0.100062,0.0574384,0.0208365,0.032178,0.059032400000000006,0.12081300000000002,0.054009900000000007,0.00832238,0.0113765,0.038419199999999994,0.00895303,0.00445511,0.0311377,0.0485726,0.05607380000000001,0.08971160000000002
6,0.12440999999999999,0.0270825,0.0175336,0.014191,0.247678,0.00733792,0.0381311,0.0644555,0.0130513,0.145144,0.0771044,0.0109847,0.0176335,0.020701900000000002,0.00749191,0.00418619,0.0377069,0.034663099999999995,0.0332108,0.057300199999999996
7,0.0389486,0.269531,0.022688200000000002,0.0127277,0.0404344,0.00977417,0.00643026,0.0752071,0.0101079,0.0528557,0.0569371,0.028725599999999997,0.00675538,0.0275204,0.0164099,0.00445189,0.031087599999999996,0.11379700000000001,0.15912300000000001,0.016486900000000002
8,0.031859500000000006,0.0299711,0.011886399999999998,0.0118522,0.129139,0.0247386,0.0128375,0.24577800000000002,0.048967699999999996,0.231427,0.0549749,0.012768600000000001,0.016089,0.016525400000000003,0.013906,0.00587216,0.0105065,0.0170233,0.044728199999999996,0.029149099999999997
9,0.0195238,0.0263522,0.00797708,0.0345564,0.029958600000000002,0.00720781,0.029090300000000003,0.0623697,0.0132661,0.18472,0.0663233,0.0211173,0.017685299999999998,0.015215799999999998,0.013473500000000001,0.0223022,0.0525756,0.350073,0.0169587,0.00925362
10,0.032752699999999996,0.050595999999999995,0.0141668,0.00622777,0.00905551,0.0213803,0.0550201,0.208048,0.00937577,0.08024860000000002,0.104768,0.013281999999999999,0.00509242,0.0116775,0.00899784,0.0398364,0.10251700000000001,0.0498843,0.0166936,0.160378
11,0.0718272,0.0252615,0.00666828,0.0481769,0.276418,0.0150276,0.0171651,0.0996339,0.00554105,0.0287863,0.0188125,0.0380865,0.012883799999999999,0.033689699999999996,0.00698712,0.12107000000000001,0.019481599999999998,0.06583460000000001,0.062424099999999996,0.026224599999999997
12,0.022022299999999998,0.0531972,0.007114,0.026193900000000003,0.16655799999999998,0.00458134,0.0884842,0.0889953,0.0121966,0.048331400000000004,0.029918,0.0227893,0.021418700000000002,0.025893400000000004,0.015193100000000001,0.0530547,0.07824210000000001,0.20036099999999998,0.0237123,0.011743700000000001
13,0.0612,0.0279598,0.0179848,0.0433773,0.0191438,0.0142988,0.0514284,0.0648553,0.015249,0.056091300000000004,0.052623199999999995,0.016652700000000003,0.0240976,0.012828899999999999,0.0374216,0.052214800000000006,0.16578900000000002,0.207382,0.0380446,0.0213569
14,0.11355499999999999,0.039501999999999995,0.0514429,0.0473939,0.0340914,0.139416,0.030192400000000005,0.023435,0.0456532,0.0629648,0.030971600000000002,0.0364607,0.0271181,0.015484600000000001,0.102796,0.053384400000000005,0.025685900000000005,0.052439,0.049259,0.0187547
15,0.05504730000000001,0.029203800000000002,0.029167400000000003,0.0263061,0.0177018,0.023083199999999998,0.0191071,0.0473031,0.032338599999999995,0.00779173,0.0405228,0.048686400000000005,0.0139752,0.014723500000000002,0.027443799999999997,0.09404639999999999,0.310114,0.106826,0.029393799999999998,0.027217400000000003
16,0.0902913,0.0263613,0.252704,0.0300977,0.0232628,0.04468780000000001,0.046348400000000005,0.0326696,0.0369586,0.0194201,0.048900400000000004,0.05057,0.00658888,0.0259217,0.1102,0.021366200000000002,0.05297869999999999,0.009556499999999999,0.0201408,0.0509752
17,0.376271,0.0377124,0.0427123,0.0491658,0.022572,0.0486308,0.0255435,0.0259735,0.024815599999999997,0.015909799999999998,0.04579,0.0174864,0.0308137,0.031365699999999996,0.0172453,0.044671499999999996,0.032367599999999996,0.0416588,0.045861,0.023433900000000004
18,0.045708,0.0190554,0.328487,0.0340603,0.0187951,0.058129099999999996,0.0234813,0.0188647,0.0322264,0.00719926,0.027223200000000003,0.0518832,0.027078500000000002,0.0205685,0.009132600000000001,0.013852200000000002,0.040175800000000005,0.0396932,0.0316514,0.15273499999999998
19,0.00583967,0.014849000000000001,0.00800589,0.0468104,0.012209600000000001,0.00268211,0.09283,0.025015700000000002,0.09740139999999999,0.025408,0.0215286,0.031520099999999995,0.0029,0.10468399999999999,0.159002,0.167383,0.07679119999999999,0.0256129,0.0303404,0.049185900000000005
20,0.0125259,0.0292849,0.018113,0.016815599999999997,0.0199673,0.012577600000000001,0.0192523,0.414405,0.019888299999999998,0.09174360000000001,0.0518942,0.0164644,0.0116912,0.0191095,0.0330955,0.015325899999999998,0.046086300000000004,0.104468,0.027827800000000003,0.0194633
21,0.014484,0.484469,0.07855989999999999,0.0174174,0.037411,0.019288299999999998,0.0151835,0.0181322,0.0250081,0.0181986,0.030300099999999996,0.022401400000000002,0.0196054,0.0194651,0.036142900000000006,0.00923501,0.0220505,0.0116935,0.0649082,0.036046100000000005
22,0.0372095,0.0627014,0.0227632,0.055664099999999994,0.0218013,0.01055,0.0173415,0.45464499999999997,0.027751099999999997,0.0124901,0.0414596,0.011997399999999998,0.020865,0.0198856,0.0245698,0.010394,0.0276065,0.048207599999999996,0.0436423,0.028454300000000002
23,0.026417799999999998,0.042584500000000004,0.0476796,0.0263844,0.017640799999999998,0.49142399999999997,0.022665900000000003,0.0152658,0.0209604,0.010347499999999999,0.0326138,0.024643599999999998,0.010957399999999999,0.0315835,0.037534899999999996,0.028043400000000003,0.0120994,0.053288800000000004,0.0252858,0.0225788
24,0.040596600000000004,0.042057300000000006,0.012575399999999999,0.0241804,0.0800326,0.00566676,0.0436879,0.024483099999999997,0.049049699999999995,0.00638245,0.110713,0.0188145,0.00683957,0.0794706,0.0070166,0.0250151,0.0473323,0.0075533,0.0193478,0.349186
25,0.0844244,0.0418754,0.034742699999999994,0.017536799999999998,0.011707500000000001,0.032235700000000006,0.291075,0.00987079,0.0120279,0.0941965,0.0495542,0.04864280000000001,0.00857002,0.0454683,0.0197137,0.0219734,0.05200409999999999,0.0691347,0.0180581,0.0371872
26,0.36486399999999997,0.015573599999999998,0.0183708,0.06157769999999999,0.0200713,0.0129119,0.020044,0.0148618,0.0167176,0.0073533999999999995,0.034779199999999996,0.09185850000000001,0.00672319,0.0167578,0.00681318,0.185673,0.024169,0.0259348,0.036592599999999996,0.0183532
27,0.0170858,0.021466700000000002,0.11939200000000001,0.019881599999999996,0.0175063,0.0077117,0.0166139,0.025249599999999997,0.0314197,0.00690552,0.027794599999999996,0.453608,0.011685899999999999,0.0203294,0.0220876,0.0928113,0.014758100000000001,0.00864795,0.0205817,0.044462699999999994
28,0.011684700000000001,0.0166352,0.0315495,0.0114911,0.0419847,0.029357499999999998,0.0159825,0.0259176,0.0237032,0.00718789,0.0505594,0.5459350000000001,0.0100079,0.0122632,0.025844299999999997,0.0508445,0.022091200000000002,0.011164499999999999,0.025091,0.030705
29,0.11640199999999999,0.0161129,0.010526700000000002,0.0195927,0.014596600000000001,0.0390546,0.0114101,0.0145555,0.029215699999999997,0.00750598,0.033624699999999993,0.161728,0.0272207,0.0108586,0.019836900000000005,0.407256,0.0220196,0.00759408,0.0157721,0.015116999999999998
30,0.027920799999999996,0.022590799999999998,0.0175653,0.020637700000000002,0.0203805,0.0116499,0.0175338,0.0301958,0.0164012,0.0102146,0.030597199999999998,0.04567569999999999,0.026808999999999996,0.017040700000000002,0.00983454,0.0663617,0.499697,0.034719,0.0474879,0.0266872
31,0.0384392,0.016375,0.320536,0.0678485,0.0163523,0.021292,0.018480299999999998,0.053973,0.0184169,0.02102,0.0356478,0.0385785,0.00721591,0.058939,0.00589812,0.0067347,0.143696,0.0255373,0.036959399999999996,0.0480607
32,0.027819,0.0330985,0.041882499999999996,0.0783258,0.0215987,0.00901327,0.016069,0.057703,0.0116177,0.11149500000000001,0.062327999999999995,0.035648,0.0181299,0.025491,0.0442006,0.030232099999999998,0.273405,0.0631841,0.0272983,0.011459899999999999
33,0.042787599999999995,0.0267365,0.02791,0.056702199999999994,0.0293767,0.0293522,0.0313071,0.0371506,0.0140191,0.0247123,0.0253268,0.018763,0.011654000000000001,0.0416833,0.00972631,0.00887667,0.0205969,0.490146,0.0266513,0.026522300000000002
34,0.0136634,0.0370723,0.448117,0.0408709,0.024802900000000003,0.0371329,0.0288976,0.0260231,0.014824,0.0188762,0.0506454,0.058790499999999996,0.016806599999999998,0.0290714,0.0133144,0.015667700000000003,0.0178203,0.0167525,0.036162,0.054689800000000004
35,0.0326487,0.0309507,0.0269748,0.025136900000000004,0.0167804,0.012553299999999998,0.039418199999999994,0.0336946,0.0752433,0.017176900000000002,0.0444654,0.0635028,0.0302238,0.027019400000000002,0.012067399999999999,0.0124309,0.44077200000000005,0.0176348,0.023457,0.017849
36,0.096618,0.023305799999999998,0.020289599999999998,0.0159525,0.0417576,0.0145814,0.0185358,0.32252800000000004,0.014772299999999999,0.0999289,0.0463804,0.012138,0.0882687,0.012381200000000002,0.00816832,0.0269509,0.0233887,0.0358589,0.028830400000000003,0.0493653
37,0.0125026,0.00931967,0.05435269999999999,0.030806599999999996,0.00964698,0.0202974,0.00262939,0.046193,0.030641500000000002,0.0510435,0.0269947,0.035659500000000004,0.00694357,0.0764344,0.174353,0.232069,0.0887373,0.011026000000000001,0.0174335,0.0629164
38,0.362975,0.022689599999999997,0.0454265,0.150545,0.0116462,0.0177471,0.0145685,0.00879173,0.031559,0.0185285,0.0263315,0.0441954,0.00574142,0.0408473,0.021378400000000002,0.0649359,0.0438992,0.012360799999999998,0.0395287,0.016305
39,0.0163808,0.040012099999999995,0.0266125,0.0501285,0.0274408,0.013580799999999999,0.0252892,0.021743400000000003,0.30464600000000003,0.00881835,0.07839249999999999,0.0484646,0.011089299999999998,0.0163517,0.197042,0.0179203,0.0201556,0.0208269,0.035354699999999996,0.019749
40,0.04901919999999999,0.027554000000000002,0.0420596,0.179724,0.0257733,0.07196210000000001,0.0386759,0.015556299999999999,0.0331912,0.0101736,0.0364494,0.287265,0.00977126,0.047677,0.00920808,0.0464597,0.0099729,0.013119,0.0244322,0.021955900000000004
41,0.07525230000000001,0.0310594,0.021815599999999997,0.0480482,0.0273955,0.044694300000000006,0.024740599999999998,0.05163009999999999,0.020263,0.0559698,0.0465834,0.0596467,0.020087,0.0185058,0.0164986,0.0109887,0.0150173,0.357257,0.0276281,0.026919099999999998
42,0.0542629,0.0450162,0.0112917,0.055622300000000006,0.0524518,0.025891300000000003,0.0227693,0.051301599999999996,0.162009,0.039625400000000005,0.0525651,0.00701312,0.177332,0.0186975,0.0301469,0.050257300000000005,0.0466193,0.011517900000000001,0.0347991,0.0508098
43,0.0512294,0.0449182,0.0491315,0.0653064,0.0360313,0.047838599999999995,0.032801300000000005,0.0487435,0.0497287,0.0146993,0.0557572,0.0475733,0.0406075,0.0389416,0.025282,0.04548169999999999,0.0372664,0.165819,0.0539873,0.048855800000000005
44,0.04612480000000001,0.023372,0.0306483,0.0387556,0.0829965,0.0263342,0.0346222,0.0429096,0.0417941,0.014493,0.0422719,0.019116900000000003,0.00372786,0.0345277,0.0164824,0.0279075,0.374379,0.0234993,0.040828500000000004,0.035208699999999996
45,0.0295695,0.0295848,0.045381599999999994,0.030288599999999995,0.06059119999999999,0.0209905,0.381413,0.017700900000000002,0.0191215,0.0111443,0.0297142,0.0393574,0.025440400000000002,0.0598362,0.0234545,0.050688199999999996,0.0231076,0.0185488,0.038902,0.045164300000000004
46,0.0774311,0.0369481,0.0439244,0.0255639,0.0490985,0.0197652,0.029351299999999997,0.0400798,0.028245999999999997,0.0689587,0.0986813,0.0248564,0.023786500000000002,0.0344772,0.0250808,0.23195100000000002,0.0227768,0.0178143,0.0526985,0.048509199999999995
47,0.044059100000000004,0.0404967,0.020646599999999998,0.014549700000000002,0.0761513,0.00517664,0.00860921,0.0791167,0.07099630000000001,0.045551,0.044580800000000004,0.010440999999999999,0.00345022,0.0430533,0.050606,0.00360375,0.0187685,0.155593,0.023620500000000003,0.24093
48,0.0148814,0.013722899999999998,0.0528246,0.039673,0.0115739,0.036206199999999994,0.016003899999999998,0.014771600000000001,0.018391099999999997,0.0126446,0.0193225,0.24900999999999998,0.027878899999999998,0.0313948,0.014769,0.204943,0.141466,0.0133078,0.055192399999999996,0.0120227
49,0.0135398,0.017484700000000002,0.027799,0.038648199999999994,0.11803,0.00857623,0.0147689,0.114415,0.0166375,0.377345,0.058594600000000004,0.0213017,0.0234729,0.04234330000000001,0.0113777,0.015577500000000001,0.00960618,0.0252813,0.022255900000000002,0.0229442
50,0.0326128,0.018483000000000003,0.0162129,0.019640599999999998,0.0462565,0.011872399999999998,0.0150465,0.048263400000000005,0.0305539,0.46525200000000005,0.082205,0.021177599999999998,0.028210500000000003,0.024005900000000004,0.012601600000000001,0.0113808,0.010250200000000001,0.0556809,0.025659300000000003,0.024634
51,0.0869049,0.207058,0.0295341,0.126978,0.00521151,0.026025,0.0307775,0.151621,0.06503769999999999,0.013179,0.0112696,0.00806516,0.00259204,0.0227138,0.00409445,0.012339399999999999,0.136985,0.03273909999999999,0.0223545,0.00452036
52,0.034967000000000005,0.0171856,0.14311300000000002,0.10444400000000001,0.0123349,0.054187599999999995,0.09907610000000001,0.0282393,0.0767715,0.026919099999999998,0.0478626,0.024643400000000003,0.00301484,0.0134955,0.014396100000000002,0.109345,0.06209919999999999,0.0643424,0.0179829,0.045580699999999995
53,0.0809699,0.033055400000000006,0.0171322,0.104255,0.0307267,0.0667165,0.0548205,0.0461555,0.0336515,0.0588839,0.00978398,0.042209699999999996,0.00305868,0.0795174,0.033556800000000005,0.0850047,0.12228900000000001,0.0278124,0.0206097,0.049791
54,0.194825,0.010394200000000001,0.0189977,0.0276626,0.022339599999999998,0.00989942,0.257993,0.00752469,0.00841528,0.00565369,0.0270236,0.0452596,0.018757,0.0154798,0.0403896,0.09751699999999999,0.0433454,0.024614700000000003,0.0441971,0.07970980000000001
55,0.012930700000000002,0.0204673,0.035437199999999995,0.0258895,0.032003199999999996,0.0414485,0.0336208,0.04014330000000001,0.0413537,0.017396900000000003,0.0316345,0.499713,0.0137786,0.0209993,0.00909229,0.0396331,0.026013099999999997,0.0115593,0.0276382,0.0192482
56,0.0604649,0.0156071,0.023907499999999998,0.045630300000000006,0.00970254,0.127874,0.23493000000000003,0.0110685,0.0457478,0.00303909,0.021899000000000002,0.0741857,0.0101854,0.0832416,0.00947134,0.103335,0.00862346,0.00697877,0.05077569999999999,0.05333330000000001
57,0.152495,0.0115762,0.0256815,0.00862181,0.012212200000000001,0.00613419,0.187919,0.00397366,0.0912043,0.0392495,0.014004599999999999,0.00778593,0.00468238,0.055490899999999996,0.07247139999999999,0.00544955,0.00318716,0.105331,0.0263149,0.166214
58,0.014813999999999999,0.020583,0.0175774,0.038536900000000006,0.016802900000000003,0.0170363,0.0144227,0.06125830000000001,0.0539566,0.456595,0.058513300000000004,0.0118015,0.0342986,0.021127200000000002,0.016024,0.0383393,0.0122561,0.0565546,0.0221923,0.017309599999999998
59,0.015823,0.488942,0.017725400000000002,0.017339,0.048751300000000004,0.04909430000000001,0.0179245,0.00971277,0.01725,0.033157900000000004,0.0313255,0.0196944,0.0199021,0.0257962,0.0263332,0.0361133,0.0111061,0.014534299999999998,0.05670419999999999,0.0427711
60,0.054804399999999996,0.010668700000000001,0.0272019,0.0112509,0.0520425,0.00386916,0.0387295,0.0021866999999999998,0.101296,0.039911199999999994,0.0364945,0.10564200000000001,0.00659667,0.0107086,0.09335539999999999,0.09802910000000001,0.114748,0.00186349,0.0531104,0.137491
61,0.00653783,0.00810688,0.0239173,0.0171672,0.0326618,0.00847164,0.00881555,0.225246,0.00797154,0.33655300000000005,0.0580939,0.00593377,0.00417512,0.0124271,0.00413137,0.016633500000000002,0.00552377,0.171977,0.0257567,0.019898500000000003
62,0.0500551,0.00522891,0.020117799999999998,0.028344599999999998,0.11610999999999999,0.0334116,0.0289189,0.00375298,0.0914335,0.00628348,0.055944600000000004,0.18549300000000002,0.00718311,0.030435700000000003,0.0315325,0.0416915,0.0218971,0.00624305,0.03322290000000001,0.2027
63,0.0122148,0.0243181,0.020252000000000003,0.049164400000000004,0.0192447,0.396005,0.0185722,0.0242558,0.029110200000000003,0.00871034,0.036875599999999994,0.0445092,0.011943299999999999,0.028343599999999997,0.0358301,0.123365,0.0130119,0.0404575,0.0459452,0.0178707
64,0.0410176,0.00543077,0.0310183,0.0503508,0.00890306,0.0555405,0.26364099999999996,0.12956199999999998,0.0192364,0.00753005,0.06916749999999999,0.0311074,0.00938623,0.0436009,0.0319858,0.0368482,0.0227045,0.109348,0.0156138,0.018008
65,0.0755544,0.0033258000000000003,0.0532346,0.235992,0.00610754,0.040118,0.0104129,0.0114893,0.0701312,0.00696656,0.0397579,0.030462400000000004,0.06148290000000001,0.0715913,0.0316057,0.042009899999999996,0.056751300000000005,0.018981099999999997,0.0174987,0.116526
66,0.10886099999999999,0.023216999999999998,0.0319054,0.0184238,0.0360917,0.021527,0.0440798,0.018503400000000003,0.0195967,0.0165805,0.03592290000000001,0.0170584,0.441295,0.0156127,0.00985918,0.0232893,0.0351013,0.0157228,0.0422486,0.0251029
67,0.0126546,0.025877800000000003,0.0199533,0.0238478,0.0813742,0.013397599999999999,0.0143735,0.046662300000000004,0.0349052,0.369671,0.0518615,0.0197997,0.031076299999999998,0.023318400000000003,0.0314051,0.014271,0.0203132,0.110358,0.03727419999999999,0.017606
68,0.0527896,0.0112266,0.11635699999999999,0.09735880000000001,0.0227351,0.0141094,0.049106300000000006,0.048822000000000004,0.023974099999999998,0.110551,0.0775378,0.0302661,0.0276813,0.0714245,0.0222567,0.0334351,0.0543077,0.037313900000000004,0.0248078,0.0739409
69,0.0110477,0.0188638,0.021284400000000002,0.0404577,0.075302,0.0156031,0.015895199999999998,0.028433099999999996,0.0137892,0.5034890000000001,0.031425,0.0641691,0.012053,0.0172826,0.00747019,0.0450762,0.00708223,0.0252957,0.0277487,0.0182321
70,0.0392236,0.00944357,0.158914,0.0848677,0.0469943,0.130825,0.0714655,0.021462099999999998,0.0260248,0.0350153,0.0608352,0.08726,0.00178164,0.102593,0.021783900000000002,0.0291209,0.0147254,0.012344599999999999,0.0164678,0.0288512
71,0.00702274,0.00834933,0.00563117,0.045919800000000004,0.0207545,0.0650154,0.015937200000000002,0.0290622,0.0398984,0.0417145,0.0510831,0.0287252,0.261245,0.0385976,0.0217805,0.0326275,0.0403919,0.0400054,0.0292052,0.177034
72,0.014504699999999999,0.616528,0.019812700000000003,0.0204917,0.03774380000000001,0.013920600000000002,0.0133173,0.0119762,0.0240952,0.014109899999999998,0.028120299999999997,0.013276099999999999,0.00652753,0.0210378,0.0327728,0.028389299999999996,0.0100253,0.0147738,0.0199308,0.038647100000000004
73,0.0520328,0.0120275,0.09696469999999999,0.046410599999999996,0.0193386,0.0503075,0.0187399,0.00662251,0.026038599999999995,0.00251152,0.0289615,0.196454,0.0100979,0.15381199999999998,0.00793891,0.180057,0.0443722,0.00436471,0.019404400000000002,0.023542700000000003
74,0.00572953,0.00706674,0.012368200000000001,0.0152286,0.134857,0.00648452,0.00821392,0.289036,0.0157301,0.191025,0.041632499999999996,0.0206042,0.00643235,0.00996809,0.00297691,0.00940133,0.014205,0.180661,0.0212397,0.00713865
75,0.015428399999999998,0.0233623,0.00322634,0.00512079,0.018341200000000002,0.00752689,0.06939119999999999,0.08651439999999999,0.0263848,0.198954,0.0983653,0.0378279,0.0682668,0.0499545,0.00975645,0.04757430000000001,0.129134,0.0297907,0.017432299999999998,0.0576485
76,0.054867599999999996,0.027601999999999998,0.020013099999999995,0.049700699999999993,0.026731599999999998,0.512363,0.0190933,0.0163619,0.0295099,0.00836953,0.0301824,0.022984400000000002,0.010182799999999999,0.0203011,0.0249356,0.0131322,0.0203115,0.0562481,0.0213649,0.0157446
77,0.015681999999999998,0.0503522,0.0222187,0.040675199999999995,0.028649599999999997,0.050129900000000005,0.019150900000000002,0.015933600000000003,0.0276343,0.0471971,0.020720099999999998,0.0191013,0.016350999999999997,0.0597693,0.0196629,0.00896362,0.016943700000000003,0.0159067,0.484325,0.020632499999999998
78,0.010359100000000001,0.0169693,0.0195157,0.016576900000000002,0.0458501,0.00712375,0.0357849,0.0561577,0.0165682,0.33641,0.0377835,0.024800299999999997,0.060008500000000006,0.019403999999999998,0.04566459999999999,0.00697743,0.013058000000000002,0.191544,0.0275224,0.011921700000000002
79,0.00724655,0.015117600000000002,0.00969846,0.0238994,0.030483,0.00734947,0.0111517,0.11091600000000001,0.0266524,0.452487,0.07437619999999999,0.00917869,0.021825599999999997,0.0348587,0.0140756,0.0188519,0.046905300000000004,0.0166099,0.0519587,0.0163578
80,0.0942982,0.0229372,0.0166038,0.0276818,0.0123987,0.532139,0.013849700000000001,0.0119986,0.0150309,0.00521618,0.030749000000000002,0.013428399999999998,0.00839877,0.0168333,0.0818747,0.00707161,0.011175399999999999,0.0371092,0.0263098,0.0148959
81,0.0821326,0.026213999999999998,0.11268399999999999,0.0216934,0.015944299999999998,0.00723744,0.125895,0.0123934,0.0330916,0.00595697,0.0205402,0.342968,0.00476861,0.0142095,0.00592118,0.08942280000000001,0.0316563,0.0127568,0.0118756,0.022639199999999998
82,0.017886900000000004,0.0807404,0.0245405,0.014260299999999998,0.012756700000000001,0.012181299999999999,0.0110256,0.0199602,0.0149023,0.0695007,0.021499400000000002,0.00971289,0.551688,0.0202915,0.00579917,0.0117184,0.0293822,0.0248245,0.023822,0.0235061
83,0.0506647,0.029351,0.026587200000000002,0.254414,0.039430599999999996,0.0349926,0.034245199999999996,0.012397700000000001,0.0466195,0.0441661,0.0128871,0.118743,0.00385826,0.044860699999999996,0.00434419,0.0446837,0.036633099999999995,0.0241505,0.10737000000000001,0.029598700000000002
84,0.0132055,0.4963,0.020405,0.0317353,0.047324,0.0243577,0.022040099999999996,0.043948400000000006,0.0194973,0.0076253,0.0414048,0.0240082,0.0103216,0.019583,0.015962200000000003,0.025720499999999997,0.0210931,0.0125816,0.053943700000000004,0.0489435
85,0.00913983,0.014815200000000002,0.441644,0.13858499999999999,0.0156312,0.0455259,0.0151369,0.0187478,0.0139338,0.0315185,0.037476300000000004,0.0510362,0.00753056,0.0322885,0.00893083,0.011718000000000001,0.0118817,0.0300247,0.0294445,0.0349907
86,0.048577800000000004,0.00477221,0.0574019,0.0676479,0.031447,0.0101965,0.09079169999999999,0.0316603,0.015372799999999997,0.134417,0.08492910000000001,0.0428593,0.0421589,0.048073199999999996,0.0162945,0.058802,0.037546699999999995,0.0192078,0.034271699999999995,0.123572
87,0.0513325,0.016708,0.021615799999999998,0.020674599999999998,0.0382361,0.012337200000000001,0.011775200000000001,0.220162,0.0157944,0.372824,0.0470701,0.0124528,0.019887000000000002,0.0490298,0.00539954,0.013691,0.00670862,0.0170136,0.0310022,0.0162856
88,0.0706291,0.00781563,0.0156277,0.0424428,0.058679300000000004,0.0422585,0.0133958,0.155613,0.0162732,0.18111300000000002,0.0439702,0.030884699999999998,0.023539700000000004,0.0295981,0.00742927,0.03754980000000001,0.041986699999999995,0.09257180000000001,0.013396100000000001,0.07522539999999998
89,0.0537148,0.00585856,0.104281,0.00854591,0.037953,0.07243730000000001,0.044815,0.06304169999999999,0.0106891,0.060880399999999994,0.0840055,0.0309534,0.0544524,0.027259699999999998,0.00558042,0.0430847,0.0910044,0.08969680000000001,0.028344900000000003,0.0834008
90,0.05584680000000001,0.004956800000000001,0.0625441,0.045764,0.239156,0.00679365,0.0654438,0.059719100000000004,0.00528505,0.0972943,0.010107600000000001,0.023399400000000004,0.0391472,0.020368599999999997,0.0397651,0.0623029,0.0849779,0.04548119999999999,0.0198595,0.0117876
91,0.0489452,0.00533638,0.0114161,0.20856999999999998,0.0273468,0.00790565,0.048578500000000004,0.0567634,0.0420339,0.047516199999999995,0.024600999999999998,0.150168,0.00787363,0.0678194,0.053234199999999995,0.0596104,0.0496196,0.021534400000000002,0.0186115,0.0425169
92,0.00671074,0.00570574,0.144008,0.114766,0.020799900000000003,0.0186482,0.00331899,0.010928499999999999,0.0181753,0.015815100000000002,0.014666899999999998,0.032199599999999995,0.0385145,0.301031,0.009529000000000001,0.057956799999999996,0.0252773,0.0448279,0.08015069999999999,0.0369696
93,0.0269449,0.022903,0.0297592,0.0559486,0.0409905,0.014416299999999998,0.0219862,0.015080000000000001,0.0174101,0.0607682,0.0412525,0.0338599,0.0155989,0.019709400000000002,0.0587539,0.0101035,0.0172302,0.0173708,0.42512799999999995,0.0547856
94,0.052409300000000006,0.0152847,0.0141507,0.0102991,0.056726900000000004,0.32374899999999995,0.00909217,0.00714703,0.00852893,0.00505558,0.0229299,0.00959114,0.081359,0.012173200000000002,0.0118909,0.29526199999999997,0.017549900000000004,0.00878413,0.0269228,0.0110944
95,0.0108815,0.04771330000000001,0.023943799999999998,0.0177789,0.025324,0.020915299999999998,0.0333464,0.00948902,0.016436199999999998,0.00875195,0.030242,0.034964800000000004,0.0186662,0.020062,0.00825336,0.0314466,0.0103103,0.0343519,0.0232928,0.573829
96,0.00839247,0.014293100000000001,0.0294843,0.0126661,0.0496354,0.00787743,0.025074700000000002,0.349014,0.0118,0.0701368,0.0205624,0.04448869999999999,0.00547291,0.0206495,0.0160512,0.0169438,0.0312681,0.22294,0.0187854,0.0244636
97,0.0752109,0.0199361,0.0392435,0.051741199999999994,0.0133838,0.0119031,0.048368699999999994,0.104844,0.0120882,0.018416400000000003,0.032314499999999996,0.0243772,0.00581684,0.014228,0.013880100000000001,0.0224493,0.018512900000000002,0.43368,0.029247700000000005,0.0103571
98,0.012744799999999999,0.0191692,0.0621807,0.412854,0.0150185,0.0390853,0.011001799999999999,0.038919999999999996,0.033375199999999994,0.065367,0.0240203,0.0270508,0.0148369,0.0370717,0.00918018,0.014281,0.0115655,0.10633699999999999,0.0315365,0.014403799999999998
99,0.0667913,0.00479479,0.0857883,0.14687,0.013284899999999999,0.033518400000000004,0.00529198,0.030960400000000003,0.0255487,0.0963833,0.00858092,0.026287099999999997,0.029064599999999996,0.027021100000000003,0.019244099999999997,0.230075,0.0872691,0.0282543,0.00785612,0.027116
100,0.0335641,0.00390661,0.0124204,0.029184500000000002,0.0176751,0.0118557,0.0411413,0.00766556,0.0062898,0.045693300000000006,0.177449,0.0205581,0.06929550000000001,0.10751300000000001,0.0166683,0.00690109,0.056148199999999995,0.051968799999999996,0.26303200000000004,0.02107
101,0.033023800000000006,0.0425615,0.184729,0.0821489,0.00762596,0.126405,0.0107868,0.015507299999999998,0.0292654,0.0160385,0.05525549999999999,0.0643309,0.00697375,0.08926289999999999,0.07138480000000001,0.0641454,0.014103399999999999,0.0217931,0.0103404,0.0543173
102,0.0227463,0.0345327,0.034077699999999995,0.00738343,0.044150199999999994,0.053663499999999996,0.00555796,0.00970266,0.00766575,0.00194164,0.023363299999999997,0.250795,0.050008,0.190296,0.0076094,0.0882615,0.08572719999999999,0.0056395,0.012421399999999999,0.064457
103,0.062872,0.07622000000000001,0.0500586,0.122794,0.0430474,0.010938400000000001,0.011079799999999999,0.015195600000000002,0.0307705,0.0280579,0.014205500000000001,0.0236557,0.0380946,0.2294,0.0394388,0.019196400000000002,0.086245,0.053781100000000005,0.025096599999999997,0.019851499999999998
104,0.03605440000000001,0.035756199999999995,0.042608,0.0305976,0.07169550000000001,0.00933683,0.0940341,0.0634164,0.013939400000000001,0.040010199999999996,0.031226900000000002,0.07386010000000001,0.00673571,0.030893900000000002,0.0309017,0.03464880000000001,0.0248841,0.16003499999999998,0.0216828,0.14768199999999998
105,0.07959,0.016099000000000002,0.018114500000000002,0.028370099999999995,0.0224812,0.457689,0.0142065,0.00774331,0.011068999999999999,0.00701624,0.029413799999999997,0.071978,0.0106692,0.019286900000000003,0.0501856,0.0371939,0.00721222,0.0540038,0.043285500000000005,0.014392400000000001
106,0.13938299999999998,0.0319535,0.0113687,0.044858300000000004,0.100468,0.0122465,0.0115251,0.0212767,0.0191979,0.08675169999999999,0.050270800000000004,0.052462699999999994,0.12959500000000002,0.10604000000000001,0.00710816,0.0486105,0.0220522,0.06286,0.0307161,0.0112551
107,0.0116969,0.5697260000000001,0.016767599999999997,0.0212998,0.021912099999999997,0.012474700000000002,0.0204385,0.0169718,0.0181877,0.00914877,0.0331173,0.0240441,0.015236700000000002,0.0231565,0.0213498,0.0194654,0.00941494,0.015820400000000002,0.06532130000000001,0.0544495
108,0.014065000000000001,0.0614915,0.03717430000000001,0.017471200000000003,0.049798300000000004,0.0103437,0.030166900000000003,0.0132995,0.016925,0.0155686,0.025290200000000002,0.0200764,0.0215579,0.0704752,0.012902700000000001,0.0276387,0.014563900000000001,0.010275200000000002,0.0243362,0.50658
109,0.029419999999999998,0.020423,0.0190958,0.018383700000000003,0.0220461,0.00978292,0.028944900000000003,0.0216364,0.0154237,0.0428725,0.025793599999999996,0.021287900000000002,0.539888,0.034712099999999996,0.017323500000000002,0.0193457,0.0324884,0.0131214,0.0300651,0.0379452
110,0.00810934,0.0251095,0.0154702,0.12354200000000001,0.0213586,0.436906,0.013728200000000001,0.0159904,0.0206965,0.00792424,0.0750818,0.0185708,0.0167239,0.0136183,0.0438931,0.00817287,0.0253193,0.054575,0.0351031,0.0201074
111,0.00837902,0.0467282,0.173032,0.054288699999999995,0.0483346,0.013136700000000001,0.057335000000000004,0.025870499999999998,0.07277410000000001,0.029410000000000002,0.0153262,0.0479699,0.0244882,0.00864551,0.02855,0.109953,0.030048099999999998,0.116999,0.0171192,0.07161189999999999
112,0.00659235,0.0317807,0.0116978,0.012674,0.16080999999999998,0.00464948,0.03547619999999999,0.10322,0.0126212,0.17265899999999998,0.0187452,0.0176544,0.0100522,0.012925799999999998,0.0210611,0.0159812,0.015390799999999998,0.21985,0.10678599999999999,0.00937167
113,0.0823442,0.020458599999999997,0.08500319999999999,0.0499334,0.07765860000000001,0.08377380000000001,0.0852638,0.0429399,0.00235498,0.0350958,0.0686199,0.039218800000000005,0.00285771,0.046287199999999994,0.0224181,0.020281900000000002,0.047902099999999996,0.0449634,0.0801396,0.0624852
114,0.10315999999999999,0.0156431,0.30718,0.047160900000000006,0.040736,0.022528299999999998,0.033319800000000004,0.00814064,0.0120412,0.0792316,0.0836916,0.0429161,0.016319200000000002,0.07666519999999999,0.00506995,0.035886699999999994,0.00792261,0.00763308,0.0159531,0.0388004
115,0.0277018,0.0166368,0.020595099999999998,0.00942517,0.023308099999999998,0.043712400000000005,0.0214788,0.0630073,0.00424428,0.10700499999999999,0.22000999999999998,0.036385900000000006,0.0342898,0.0424712,0.0104798,0.0567345,0.038132599999999996,0.0318552,0.0176344,0.17489100000000002
116,0.125724,0.0585251,0.015324700000000002,0.239031,0.10131799999999999,0.057961900000000004,0.060805,0.00747974,0.0315044,0.0164338,0.0125329,0.00947971,0.13054000000000002,0.0759355,0.00576369,0.00271942,0.00431358,0.012498899999999999,0.023880900000000004,0.00822806
117,0.0120465,0.023123599999999998,0.0468724,0.425579,0.0722105,0.0301406,0.0150821,0.055452499999999995,0.0513668,0.00662114,0.0480163,0.0284431,0.016515799999999997,0.0217981,0.0114027,0.023093799999999998,0.0180911,0.0336713,0.049698400000000004,0.0107746
118,0.00959846,0.0208324,0.0165751,0.016747,0.0185512,0.00861882,0.00997713,0.016838,0.010163600000000002,0.540298,0.0779197,0.0234313,0.026574900000000002,0.058662599999999995,0.00617343,0.00791689,0.0207333,0.033703199999999996,0.0299302,0.046754699999999996
119,0.0042979,0.09933260000000001,0.00684601,0.012257299999999999,0.197268,0.0162998,0.00878504,0.0139428,0.0540627,0.051774,0.0478219,0.024029599999999998,0.00225282,0.00576046,0.150609,0.00378594,0.020534999999999998,0.0315475,0.039286699999999994,0.209506
120,0.055968899999999995,0.0307168,0.0539711,0.44822700000000004,0.0372548,0.0362163,0.028525099999999998,0.0219172,0.050466699999999996,0.028294299999999998,0.0332482,0.019219299999999998,0.00942295,0.0223572,0.010787799999999998,0.0178219,0.017509599999999997,0.016288,0.032835699999999995,0.028951599999999997
121,0.013756200000000001,0.0275736,0.0444959,0.0342175,0.0265351,0.0115972,0.109498,0.014018000000000001,0.0480955,0.0190952,0.054662300000000004,0.0239937,0.0114644,0.374087,0.021371900000000003,0.012262799999999999,0.054760199999999995,0.016952900000000003,0.0362342,0.045329
122,0.023905700000000002,0.019756599999999996,0.018336099999999998,0.0192924,0.0506666,0.00729176,0.0154953,0.0471967,0.027185,0.399681,0.0557188,0.0131453,0.00902091,0.025841200000000005,0.00820981,0.172262,0.012872399999999999,0.030499599999999998,0.0230272,0.020595099999999998
123,0.020918799999999998,0.0845535,0.026690699999999998,0.0137555,0.0682325,0.0484277,0.0272574,0.158357,0.026530099999999997,0.041522500000000004,0.0279471,0.118191,0.00836456,0.031251799999999996,0.0743565,0.0964809,0.0377761,0.045411599999999996,0.029321299999999998,0.014653799999999998
124,0.0727566,0.0111491,0.023691099999999996,0.0198481,0.014227100000000001,0.0579058,0.00622032,0.0598495,0.010934399999999999,0.130934,0.026241200000000003,0.018018700000000002,0.0165549,0.086716,0.0207209,0.13028800000000001,0.028417900000000003,0.121224,0.034839499999999995,0.109463
125,0.212934,0.0251798,0.0127242,0.0264269,0.06894299999999999,0.00558082,0.006418300000000001,0.0479908,0.0117137,0.0206201,0.0161426,0.00630144,0.00433477,0.00887751,0.00572487,0.0706419,0.21772199999999997,0.194127,0.022706599999999997,0.014890899999999999
126,0.0231062,0.0062584,0.0711745,0.165943,0.0390278,0.10840799999999999,0.00577995,0.013978999999999998,0.0660508,0.0601001,0.110883,0.0386076,0.010054299999999999,0.0206509,0.030828300000000003,0.0700035,0.017337400000000003,0.0442598,0.0211516,0.076396
127,0.0777865,0.0302892,0.0119147,0.0316354,0.010626100000000001,0.0339774,0.0492721,0.021634,0.07944760000000001,0.132722,0.040906,0.00665825,0.0138702,0.0633126,0.0712046,0.0916217,0.0767341,0.0989904,0.0380452,0.0193523
128,0.0846691,0.00898111,0.00738313,0.00630791,0.0202198,0.0313481,0.043666699999999996,0.036114099999999996,0.00825357,0.11191500000000001,0.381655,0.00742813,0.00419375,0.010640700000000001,0.00409206,0.023279400000000002,0.00527158,0.10476700000000001,0.035379900000000006,0.0644326
129,0.0721947,0.0207293,0.14919200000000002,0.240069,0.011757,0.0154841,0.0616086,0.05010440000000001,0.0712279,0.012205,0.026497000000000003,0.011238600000000001,0.00695679,0.0219513,0.00641968,0.0355749,0.0787364,0.0592653,0.0311626,0.017626
130,0.020293799999999997,0.036103500000000004,0.0403602,0.0223793,0.0209685,0.0905572,0.0259486,0.05136759999999999,0.0280406,0.012129899999999999,0.045006,0.020633099999999998,0.016249299999999998,0.0215667,0.429625,0.021585,0.00901384,0.021697499999999998,0.0468471,0.019628
131,0.0182582,0.0180959,0.0347177,0.0210956,0.402106,0.015307399999999999,0.038726,0.0181849,0.028105599999999998,0.041174300000000004,0.0470915,0.018826,0.04490159999999999,0.024470500000000003,0.013324899999999999,0.0396603,0.0320528,0.03331780000000001,0.0499161,0.060667
132,0.112634,0.038928899999999995,0.027635800000000002,0.286367,0.0255459,0.0228708,0.0219457,0.0219246,0.0549827,0.0398201,0.046833099999999996,0.021933599999999998,0.0980905,0.019284,0.013254399999999998,0.0401585,0.018475799999999997,0.029256599999999997,0.028466700000000005,0.0315917
133,0.0206769,0.0457564,0.035948400000000005,0.0261868,0.0402267,0.0185262,0.027350700000000002,0.425545,0.029158799999999995,0.0363438,0.0523254,0.0348776,0.0191425,0.0241871,0.01199,0.015184,0.036777,0.041368,0.0362821,0.0221465
134,0.0237281,0.0602044,0.0343091,0.023253799999999998,0.47309799999999996,0.0122104,0.0205982,0.0306941,0.0275224,0.0480688,0.056298900000000006,0.022290599999999997,0.00906642,0.018576699999999998,0.012749799999999999,0.029422399999999998,0.0178457,0.0304532,0.028138200000000002,0.0214707
135,0.019305799999999998,0.00998074,0.0534931,0.161599,0.0364426,0.0220921,0.0267681,0.010976600000000001,0.051024599999999996,0.00927025,0.0102222,0.128486,0.175046,0.0462898,0.023399700000000002,0.135193,0.029879700000000002,0.0165953,0.0221726,0.0117626
136,0.0579461,0.00355977,0.0382479,0.047443599999999995,0.15751600000000002,0.024049599999999997,0.0452984,0.012760200000000001,0.0938436,0.09491360000000001,0.061247800000000005,0.024812999999999998,0.0288605,0.025924000000000003,0.036552499999999995,0.042160199999999995,0.05674019999999999,0.08027630000000001,0.05338380000000001,0.0144625
137,0.057036,0.00327648,0.126829,0.109794,0.0650759,0.0425584,0.106253,0.0587202,0.0146535,0.0300529,0.00658517,0.119653,0.0344991,0.0487205,0.00169214,0.096009,0.0476974,0.013528,0.00987839,0.00748653
138,0.171767,0.00774162,0.00424958,0.0455292,0.0341017,0.0244859,0.0418313,0.0566081,0.00757137,0.0454514,0.06251910000000001,0.0256873,0.00931155,0.051020800000000005,0.031037000000000002,0.090895,0.0778138,0.024185299999999996,0.0770648,0.11112799999999999
139,0.188831,0.00317149,0.0023395,0.00665878,0.0449356,0.021167599999999998,0.019630599999999998,0.024794099999999996,0.0311202,0.00748676,0.00806572,0.0228799,0.00442703,0.006664399999999999,0.0257024,0.0761017,0.0542432,0.190944,0.21525100000000003,0.0455852
140,0.013274600000000001,0.0605587,0.0143898,0.0191542,0.100209,0.021918200000000002,0.0122652,0.0129466,0.0161169,0.013381700000000002,0.0218263,0.0141082,0.00608183,0.0124236,0.0181675,0.013028999999999999,0.0156162,0.0107301,0.43150900000000003,0.172293
141,0.0435401,0.00831068,0.00711178,0.112696,0.00795214,0.0373401,0.00981234,0.0752693,0.04431040000000001,0.024528099999999997,0.0659536,0.00621715,0.192665,0.0924077,0.0201416,0.0688159,0.108101,0.0433871,0.0123664,0.0190735
142,0.00763911,0.0137436,0.032081200000000004,0.0103777,0.00879785,0.00727887,0.0700074,0.0104152,0.060538,0.00949653,0.019493,0.5581520000000001,0.00656982,0.0467278,0.018569099999999998,0.0156553,0.013990700000000002,0.00938624,0.0418813,0.0391999
143,0.0336107,0.00578794,0.00797601,0.00549356,0.25000100000000003,0.00308561,0.131807,0.0190183,0.005816399999999999,0.03665619999999999,0.139277,0.0394694,0.0106993,0.0174696,0.00374502,0.0318421,0.0201234,0.0865058,0.0195085,0.132107
144,0.0233267,0.0126477,0.00886763,0.0676667,0.00756133,0.337034,0.0114822,0.048439300000000005,0.0127134,0.00307944,0.0138493,0.0286625,0.021053799999999998,0.0275837,0.00391805,0.04947,0.294739,0.00548419,0.0142398,0.0081806
145,0.0734801,0.00307539,0.213296,0.268284,0.0617144,0.0227269,0.021822799999999996,0.0155785,0.00865081,0.0353411,0.058559900000000005,0.0240609,0.00313275,0.0251456,0.00462212,0.0258862,0.0138684,0.017259599999999996,0.0627992,0.040695
146,0.0667061,0.00543962,0.138204,0.0935816,0.0293998,0.0383333,0.036302999999999995,0.0190732,0.013929200000000001,0.016031399999999998,0.0669868,0.0697706,0.036245599999999996,0.11808900000000001,0.037601199999999994,0.021079300000000002,0.0108825,0.0696046,0.0202359,0.0925032
147,0.0159714,0.0301252,0.0606789,0.0462555,0.0316574,0.273104,0.0381537,0.018347099999999998,0.06370790000000001,0.0349475,0.035787400000000004,0.0780043,0.0145457,0.0687296,0.0236355,0.0457241,0.0274698,0.043756199999999995,0.0293747,0.020024599999999997
148,0.048179400000000004,0.00319619,0.00582241,0.0244648,0.00284366,0.0171485,0.0584766,0.18196700000000002,0.00399246,0.0205014,0.0628194,0.110239,0.0277679,0.022239,0.00351582,0.12143399999999999,0.157303,0.0788591,0.01481,0.034419599999999995
149,0.0395577,0.025386099999999998,0.0237237,0.057568600000000004,0.0296587,0.00978851,0.0211578,0.032919199999999996,0.019318000000000002,0.00687858,0.06250689999999999,0.052585,0.00748431,0.0153393,0.00607449,0.138073,0.376783,0.039190699999999995,0.025033,0.0109727
150,0.278803,0.00290415,0.018864099999999998,0.025239400000000002,0.102214,0.0240327,0.00757898,0.0487324,0.00207028,0.07761339999999999,0.0352306,0.0337101,0.018941999999999997,0.0267267,0.000880904,0.122148,0.0695716,0.040083,0.044825199999999996,0.0198297
