site,A,C,D,E,F,G,H,I,K,L,M,N,P,Q,R,S,T,V,W,Y
2,0.011540799999999999,0.165108,0.00198759,0.012685700000000001,0.07171160000000001,0.012336,0.00451372,0.058008300000000006,0.0489842,0.0508979,0.00774994,0.139396,0.0433153,0.0501334,0.0354765,0.0405745,0.06295319999999999,0.137877,0.0347617,0.00998805
3,0.114226,0.019262900000000003,0.0111224,0.0488276,0.0629234,0.0359439,0.0720534,0.09845069999999999,0.028382400000000002,0.022412599999999998,0.0229327,0.096943,0.0551293,0.0534092,0.0438021,0.00784497,0.0190521,0.0989162,0.015002600000000001,0.07336210000000001
4,0.108774,0.0122746,0.026036400000000005,0.0458241,0.0396076,0.030641500000000002,0.0342119,0.0316489,0.10254100000000001,0.0415699,0.061861599999999996,0.11552899999999999,0.0235543,0.0411017,0.0596476,0.0493806,0.147776,0.00366004,0.019017,0.00534204
5,0.0936326,0.36506500000000003,0.00603141,0.0259748,0.00863642,0.00481257,0.0645171,0.0241537,0.00865784,0.0935171,0.0837766,0.015510499999999998,0.011273299999999998,0.014417700000000002,0.051587400000000005,0.00986431,0.034278300000000005,0.0181495,0.058181899999999995,0.0079624
6,0.0107163,0.0998141,0.029881400000000002,0.0289855,0.0183454,0.010969,0.018341099999999996,0.028382,0.022263400000000003,0.20793699999999998,0.0378879,0.013950799999999998,0.0338923,0.022249599999999998,0.08282660000000001,0.00587003,0.00769463,0.150253,0.0214434,0.148296
7,0.0482671,0.013878399999999999,0.0220833,0.0626748,0.270242,0.00820064,0.023863,0.025646600000000002,0.00944485,0.104367,0.0276065,0.014935200000000001,0.00522735,0.0225173,0.00261756,0.023684999999999998,0.024520300000000002,0.100482,0.181062,0.00867893
8,0.05517040000000001,0.00796378,0.012445999999999999,0.029242700000000003,0.109529,0.00343761,0.0744332,0.00930707,0.00843494,0.23660599999999998,0.157407,0.012716400000000001,0.0190952,0.0650126,0.00946284,0.00414613,0.00685486,0.11948900000000001,0.0416144,0.0176312
9,0.00659094,0.30223099999999997,0.0106895,0.0100763,0.0763366,0.00615682,0.0206148,0.115476,0.012043600000000002,0.174702,0.0151406,0.0151796,0.021825099999999997,0.0102551,0.044638300000000006,0.0150332,0.00625689,0.0231979,0.02087,0.0926857
10,0.00896746,0.049044199999999996,0.015164600000000002,0.029956200000000002,0.20238599999999998,0.0209857,0.05760830000000001,0.0323363,0.00567917,0.0984498,0.108423,0.00473669,0.00637991,0.0096087,0.00281733,0.153334,0.047502300000000004,0.014334399999999999,0.0384704,0.09381519999999999
11,0.08161689999999999,0.0634899,0.00910338,0.048189499999999996,0.09747330000000001,0.0706592,0.054395400000000003,0.00671485,0.00652554,0.145103,0.0317812,0.00869489,0.007520100000000001,0.152227,0.011972700000000001,0.0407389,0.0197688,0.114503,0.023884700000000002,0.00563911
12,0.164545,0.028857099999999997,0.00943815,0.009515799999999998,0.164439,0.00752098,0.00621873,0.200491,0.0196231,0.0516371,0.0196476,0.0236568,0.0211191,0.00889003,0.041031,0.0450086,0.0110044,0.09666480000000001,0.046961199999999995,0.0237308
13,0.0732669,0.09593639999999999,0.019069,0.019905700000000002,0.032123,0.0105969,0.0659253,0.043964300000000005,0.05491619999999999,0.0157982,0.118274,0.00991129,0.016678400000000003,0.00829112,0.0712318,0.113357,0.0319596,0.147477,0.0371869,0.0141315
14,0.143532,0.0201024,0.0475371,0.03648819999999999,0.0393228,0.011366,0.026031799999999997,0.0268252,0.0271033,0.026177099999999995,0.0480553,0.0465219,0.015452100000000002,0.213496,0.0216087,0.049256699999999994,0.046148,0.0530609,0.051504499999999995,0.050411199999999996
15,0.048043999999999996,0.0112006,0.032095900000000004,0.014343,0.0176739,0.026707400000000003,0.0248856,0.224794,0.058349,0.00547437,0.0253922,0.0079753,0.0240649,0.0210386,0.0157952,0.11286199999999999,0.17818900000000001,0.09897389999999999,0.032713599999999995,0.0194285
16,0.20800000000000002,0.0315197,0.172958,0.0437528,0.015294899999999998,0.04037469999999999,0.0396901,0.0349869,0.0472834,0.00533911,0.0534068,0.0520107,0.0076509,0.014977700000000002,0.0641911,0.051262699999999994,0.028212400000000002,0.00839469,0.027038099999999995,0.0536553
17,0.215473,0.048213400000000003,0.0510336,0.0678902,0.016815,0.119923,0.029035500000000002,0.040794800000000006,0.018865200000000002,0.00941793,0.0469462,0.0300307,0.0321457,0.026814499999999998,0.017188,0.06202849999999999,0.0348517,0.0679184,0.047164199999999996,0.0174511
18,0.035232099999999995,0.018304400000000002,0.41438500000000006,0.050480300000000006,0.0197254,0.0275265,0.019369099999999997,0.021219799999999997,0.0277847,0.0121736,0.039376999999999995,0.05618290000000001,0.023434200000000002,0.028262799999999998,0.010216,0.0137394,0.0484077,0.017977299999999998,0.0227945,0.0934071
19,0.016689700000000002,0.00372618,0.00898841,0.0400911,0.00462724,0.00337763,0.10636300000000001,0.0125648,0.050874300000000004,0.13885699999999998,0.10968199999999999,0.021776300000000002,0.00597506,0.05989119999999999,0.0452793,0.107679,0.0969264,0.0573362,0.010181200000000001,0.0991125
20,0.0119605,0.017680900000000003,0.019673799999999998,0.0180938,0.030043599999999997,0.00984822,0.0202748,0.30750500000000003,0.0570842,0.0761694,0.06314969999999999,0.014416499999999999,0.10971800000000001,0.016514400000000002,0.00785349,0.0088068,0.0974591,0.06482230000000001,0.029027999999999998,0.0198983
21,0.014461400000000001,0.569524,0.024196400000000003,0.022445,0.05492869999999999,0.012802899999999999,0.017234400000000004,0.0212927,0.0266525,0.00677213,0.029584199999999998,0.0256546,0.010093399999999999,0.017817799999999998,0.0184307,0.0190523,0.0123297,0.036719,0.0276923,0.0323151
22,0.015473500000000001,0.0191982,0.0211152,0.0170704,0.0150685,0.010331700000000001,0.0234732,0.512547,0.0581313,0.0106494,0.0428292,0.017225599999999997,0.0106555,0.011076299999999999,0.00693203,0.0628548,0.058715199999999995,0.0387051,0.03506769999999999,0.012880100000000002
23,0.011312200000000001,0.0481031,0.0430199,0.0282829,0.020268400000000002,0.488491,0.0206647,0.022606599999999998,0.0505288,0.0103673,0.032482,0.0230272,0.0102141,0.026324700000000003,0.0116277,0.0346476,0.0122125,0.0521795,0.031664199999999997,0.0219752
24,0.0158152,0.029361900000000003,0.0205746,0.0168447,0.127661,0.00753981,0.049529199999999995,0.0172008,0.0252406,0.00681983,0.02494,0.0197113,0.00645026,0.0141297,0.00690129,0.08155710000000001,0.0103981,0.08271139999999999,0.0638107,0.372803
25,0.021411799999999998,0.0210175,0.026139299999999997,0.0163301,0.011739399999999999,0.00643376,0.26958499999999996,0.0131555,0.011344499999999999,0.08590089999999999,0.0514687,0.0527309,0.019378299999999998,0.172005,0.013274000000000001,0.00612509,0.016959400000000003,0.11853699999999999,0.024386099999999997,0.0420779
26,0.453599,0.0233954,0.017079900000000002,0.0470094,0.0232124,0.037516,0.0215684,0.0203593,0.017775,0.0100365,0.0250098,0.0890435,0.00868659,0.0195483,0.0073298999999999994,0.0581395,0.038290199999999996,0.023747900000000002,0.034660199999999995,0.0239926
27,0.0095318,0.013902700000000002,0.0408578,0.023615599999999997,0.011656200000000002,0.013609,0.151342,0.014246100000000001,0.0315778,0.00737911,0.0390577,0.49075699999999994,0.00512041,0.012199,0.00877763,0.0515799,0.0119454,0.0110265,0.0262267,0.0255921
28,0.00844168,0.013747899999999999,0.027452800000000003,0.08633300000000001,0.013746799999999998,0.00635279,0.0112204,0.00770539,0.0327157,0.00418505,0.0207139,0.330392,0.00517852,0.0436264,0.0109911,0.027119900000000002,0.00585432,0.0183049,0.316825,0.00909277
29,0.034962099999999996,0.0863255,0.00906227,0.0174773,0.0183017,0.026238099999999997,0.041777999999999996,0.0093773,0.0143394,0.0132754,0.0176241,0.112002,0.026815600000000002,0.0211333,0.012004,0.31411,0.0442313,0.0244164,0.118533,0.0379945
30,0.0310972,0.026699,0.015345600000000001,0.011536399999999999,0.0345339,0.0449123,0.0180024,0.029455400000000003,0.011916,0.00842411,0.03838130000000001,0.08097939999999999,0.0393358,0.017029,0.00701794,0.133629,0.390471,0.00800869,0.038363,0.0148625
31,0.0676653,0.018888299999999997,0.36236599999999997,0.0667838,0.0387692,0.012726000000000001,0.034508,0.0207148,0.015056700000000001,0.006127399999999999,0.029135900000000003,0.0246511,0.010586700000000001,0.026954500000000003,0.00919848,0.00646812,0.08616030000000001,0.0870295,0.0233954,0.05281519999999999
32,0.028332599999999996,0.035127099999999994,0.00775214,0.0800228,0.0161504,0.00583835,0.00842613,0.0538957,0.012856,0.0441636,0.165527,0.053372800000000005,0.00935959,0.00946356,0.144803,0.0108807,0.191457,0.07455389999999999,0.035062699999999995,0.012955200000000002
33,0.0469496,0.022812799999999998,0.035717,0.0161848,0.0654485,0.025343599999999997,0.025084,0.0554102,0.0156482,0.0111974,0.0384194,0.0212583,0.0118262,0.0185957,0.00739135,0.0107484,0.0119715,0.485354,0.045990300000000005,0.0286488
34,0.0587984,0.018646400000000004,0.45042200000000004,0.0376081,0.025286799999999998,0.0354452,0.040607,0.0163762,0.0231403,0.012525299999999998,0.0345719,0.053477300000000005,0.021664199999999998,0.0191045,0.0125784,0.0158196,0.0142685,0.0269175,0.0347177,0.048025
35,0.03918680000000001,0.0247081,0.0301313,0.020856799999999998,0.028988,0.0117917,0.046444599999999996,0.0550835,0.0655707,0.0130231,0.0323397,0.0273346,0.0183861,0.0210277,0.0249238,0.0378219,0.416583,0.0193315,0.023235,0.043231599999999995
36,0.0156946,0.014620500000000002,0.0235468,0.0193476,0.0192832,0.00734265,0.012832900000000001,0.260061,0.051295400000000005,0.19354000000000002,0.09065939999999999,0.013315700000000001,0.0083993,0.0130021,0.0161027,0.0074988,0.07667660000000001,0.0954746,0.027261599999999997,0.0340444
37,0.022099599999999997,0.00769098,0.0509893,0.0230438,0.045399300000000004,0.00190149,0.012604299999999999,0.037417900000000004,0.0576106,0.0536517,0.0322214,0.0195451,0.0209201,0.16182,0.167777,0.197088,0.0496145,0.00756283,0.00824832,0.022794099999999998
38,0.027669799999999998,0.00929241,0.050473500000000004,0.141789,0.0161955,0.0349628,0.00916367,0.0125337,0.047553899999999996,0.00531518,0.0477926,0.0126744,0.00494495,0.42922,0.00584816,0.050144,0.018664700000000003,0.00546336,0.0411724,0.0291267
39,0.0164644,0.0310163,0.027447900000000004,0.046785900000000005,0.019424900000000002,0.013536000000000001,0.0223864,0.0163128,0.283351,0.00632106,0.049368800000000004,0.0462379,0.056736199999999994,0.0127865,0.183894,0.021412900000000002,0.0660548,0.0250247,0.028089599999999996,0.027347900000000005
40,0.042479699999999995,0.0154906,0.049331,0.0238238,0.0318441,0.06003290000000001,0.06984069999999999,0.0135257,0.0481832,0.0145839,0.0416564,0.31695,0.00908105,0.0178287,0.017984299999999998,0.0445852,0.07881389999999999,0.013002200000000002,0.027514799999999996,0.0634472
41,0.0271483,0.0283015,0.0217206,0.0537389,0.0358754,0.06627999999999999,0.021595,0.024125999999999998,0.0241241,0.05831990000000001,0.0460096,0.0309996,0.0154256,0.0237317,0.0222394,0.0168818,0.0162071,0.39778600000000003,0.038448800000000005,0.0310408
42,0.07188530000000001,0.0480552,0.030701999999999997,0.055757799999999996,0.049002699999999996,0.0229502,0.051580799999999996,0.077663,0.129375,0.033798,0.0479543,0.0145898,0.0665663,0.012493299999999999,0.0344264,0.0448036,0.0587669,0.0741299,0.0408981,0.0346017
43,0.0498606,0.0493953,0.0349823,0.0374924,0.0407944,0.026753700000000002,0.033841500000000004,0.0460907,0.05249500000000001,0.0473872,0.049638800000000004,0.037110199999999996,0.0547249,0.054934800000000006,0.0203832,0.0355525,0.0285498,0.210975,0.0428513,0.046186300000000007
44,0.03462369999999999,0.0165412,0.0257559,0.026095999999999998,0.033082099999999996,0.0166052,0.0212318,0.105076,0.0363212,0.00939258,0.0374299,0.017811700000000003,0.027206099999999997,0.0284938,0.0184208,0.0574697,0.40306,0.015268,0.053438599999999996,0.0166755
45,0.106851,0.02068,0.102533,0.0357829,0.0278468,0.014872499999999999,0.267732,0.0169745,0.014582900000000001,0.03350669999999999,0.04335,0.0305629,0.039724699999999995,0.0439991,0.0311209,0.08314099999999999,0.0097464,0.011079299999999999,0.023737900000000003,0.0421755
46,0.0172263,0.045532300000000005,0.029222500000000002,0.0263952,0.0433245,0.019133400000000002,0.0407968,0.0271757,0.0259476,0.0162256,0.0447713,0.0396601,0.0404111,0.042678100000000004,0.0220857,0.374733,0.0499674,0.014622999999999999,0.035895300000000005,0.044195
47,0.011877,0.00902429,0.040975300000000006,0.027145599999999995,0.029618400000000003,0.013162899999999998,0.0161208,0.0306305,0.141573,0.060009400000000004,0.043506699999999995,0.0175395,0.00648699,0.0928672,0.0423423,0.0648951,0.09740700000000001,0.190943,0.0211165,0.042758199999999996
48,0.00908624,0.0350601,0.0763891,0.025957,0.0234024,0.0101697,0.0134667,0.0209179,0.0210667,0.0111524,0.0395972,0.396913,0.06301459999999999,0.026511700000000003,0.0105231,0.101528,0.044847500000000005,0.014040100000000002,0.0459481,0.010409299999999998
49,0.00912892,0.028701,0.0307957,0.0181923,0.302971,0.00779144,0.026994499999999998,0.017075999999999997,0.0184148,0.34375,0.0456931,0.0166532,0.015013399999999998,0.0164797,0.0194172,0.00840005,0.0102684,0.026583099999999995,0.0213736,0.0163025
50,0.0145491,0.015061600000000001,0.028747700000000004,0.0178797,0.0422612,0.00814443,0.015007900000000001,0.0442533,0.020704499999999997,0.467707,0.0319367,0.0128928,0.0181688,0.0143502,0.00654657,0.0294094,0.00949811,0.1251,0.033134699999999996,0.0446452
51,0.08273910000000001,0.140683,0.0807005,0.190012,0.00728274,0.0382467,0.00696192,0.116845,0.0521062,0.00995704,0.020980099999999998,0.011074200000000001,0.00432384,0.06968660000000002,0.00280457,0.00250845,0.101785,0.0391648,0.015387600000000001,0.00675113
52,0.0578716,0.00441599,0.110825,0.0918074,0.00497074,0.0146588,0.0253125,0.00453453,0.0444926,0.0225163,0.0728656,0.0281976,0.00264255,0.009106999999999999,0.028165,0.141868,0.0353941,0.058672,0.013588999999999999,0.228095
53,0.018742500000000002,0.00997833,0.0609601,0.150126,0.044122800000000004,0.0424164,0.00307178,0.04759480000000001,0.0170103,0.032871199999999996,0.231963,0.0682173,0.00234259,0.050927099999999996,0.0679969,0.0541758,0.015081899999999999,0.00610846,0.0486909,0.0276029
54,0.014571100000000002,0.00963619,0.038707599999999995,0.026782499999999997,0.016311000000000003,0.0122777,0.348659,0.024744299999999997,0.0205405,0.00488377,0.0252157,0.0377302,0.0509416,0.0299137,0.0307394,0.0403701,0.120722,0.058736800000000006,0.0313154,0.0572019
55,0.0113641,0.0202197,0.044862900000000004,0.017537599999999997,0.027571299999999997,0.0081215,0.0366773,0.0310181,0.09417769999999999,0.00718095,0.0342774,0.431512,0.00983711,0.0180334,0.0097609,0.0174952,0.11489500000000001,0.0139299,0.0331469,0.018381799999999997
56,0.07445239999999999,0.037839599999999994,0.0208168,0.101506,0.0969068,0.172454,0.0833737,0.0102964,0.013056700000000001,0.00551358,0.044173500000000004,0.013522399999999999,0.00726576,0.07861439999999999,0.05188009999999999,0.0799442,0.0363698,0.019225299999999997,0.044699800000000005,0.00808934
57,0.109848,0.015174000000000002,0.00933226,0.0131591,0.00933209,0.00854625,0.0122296,0.0245615,0.198953,0.00530199,0.14599700000000002,0.0193157,0.00938704,0.29370799999999997,0.0320685,0.00525164,0.0208744,0.0133066,0.0422591,0.0113948
58,0.018589599999999998,0.0280462,0.0251468,0.0246729,0.024694099999999997,0.0158595,0.029590300000000003,0.0209541,0.016371200000000002,0.5536760000000001,0.0414568,0.0195321,0.03621459999999999,0.0312926,0.012757600000000001,0.0105897,0.0323755,0.0149543,0.0282421,0.014984299999999999
59,0.00972863,0.497758,0.0816706,0.0254993,0.0307426,0.00937352,0.0230488,0.0112953,0.016487799999999997,0.00775968,0.059946400000000004,0.026274799999999997,0.0134392,0.0238972,0.036198900000000006,0.022922,0.0115866,0.0137514,0.015052200000000002,0.0635669
60,0.0599091,0.00483729,0.00656475,0.0125434,0.040501499999999996,0.00891415,0.0420216,0.00627166,0.16173800000000002,0.070441,0.0411875,0.0762138,0.00180674,0.0724936,0.152472,0.0477555,0.0481741,0.00232674,0.00746749,0.13635999999999998
61,0.00748575,0.0126002,0.0113527,0.0181118,0.015468,0.034299800000000005,0.00866638,0.0680376,0.013490799999999999,0.477188,0.028335200000000005,0.00909678,0.021196700000000002,0.010224700000000001,0.00515843,0.00725572,0.0571351,0.0955277,0.0213967,0.077971
62,0.0659518,0.0229731,0.150564,0.0325236,0.052771000000000005,0.027939599999999995,0.034180800000000004,0.00470834,0.0961283,0.0122238,0.036645800000000006,0.06978789999999999,0.00181468,0.0980823,0.0458531,0.0367415,0.0171013,0.00299359,0.15927,0.0317452
63,0.021690400000000002,0.0202027,0.0338815,0.047562099999999996,0.0174984,0.431346,0.0158172,0.014109100000000001,0.027381799999999998,0.0123523,0.0455621,0.0285582,0.015800799999999997,0.0213888,0.04751180000000001,0.060258500000000007,0.0419256,0.040350300000000006,0.0359556,0.0208473
64,0.025735400000000005,0.011270700000000002,0.0184865,0.015308600000000002,0.037202099999999995,0.010389299999999999,0.0833057,0.14874300000000001,0.191272,0.0174053,0.0237362,0.045441,0.00608662,0.0400656,0.20899,0.0243811,0.0225673,0.0439099,0.0197488,0.00595518
65,0.0633435,0.014132800000000001,0.0487022,0.11150499999999999,0.007437699999999999,0.041794599999999994,0.0468289,0.00633647,0.0126046,0.1658,0.015198,0.07727200000000001,0.0885585,0.0759794,0.033161199999999995,0.057920000000000006,0.06640360000000001,0.0148483,0.0213652,0.030808299999999997
66,0.06870710000000001,0.0208135,0.0224734,0.0388641,0.0262092,0.013106399999999999,0.0243418,0.0204709,0.035242199999999994,0.025887,0.038478,0.0217024,0.47630500000000003,0.0214315,0.013477200000000002,0.0385101,0.0164769,0.014978700000000001,0.043361300000000005,0.0191636
67,0.00796212,0.019578,0.015422700000000001,0.015193700000000001,0.023525599999999997,0.0127262,0.014620300000000001,0.165856,0.028967700000000002,0.33170900000000003,0.054983800000000006,0.030821699999999997,0.0370007,0.022213099999999996,0.040644,0.0122963,0.0128281,0.0934188,0.0431395,0.0170919
68,0.0754034,0.0121873,0.151158,0.21189299999999997,0.00586863,0.00380214,0.024843599999999997,0.0718121,0.0165476,0.0318697,0.0103405,0.00294381,0.018550599999999997,0.0608543,0.08510269999999999,0.0386449,0.04737569999999999,0.11024500000000001,0.0178093,0.002748
69,0.0122616,0.021506099999999997,0.0169595,0.126448,0.0954269,0.011419499999999999,0.0127911,0.0120036,0.0153534,0.404267,0.0253281,0.0166975,0.00704405,0.013953100000000001,0.00708647,0.09486939999999999,0.0493177,0.0170746,0.0204175,0.0197745
70,0.054417999999999994,0.022759099999999997,0.00734356,0.0761904,0.00226622,0.127724,0.11745499999999999,0.0031095,0.22289899999999999,0.079585,0.084393,0.00364924,0.00141049,0.07580049999999999,0.00933779,0.052526199999999995,0.016780700000000003,0.016085299999999997,0.0124978,0.013768100000000002
71,0.0368852,0.0136041,0.0567352,0.046501,0.100654,0.0844058,0.0329827,0.0070476,0.0440037,0.019009799999999997,0.09484119999999999,0.040836300000000006,0.0657188,0.0134906,0.04097,0.029200599999999997,0.139922,0.0461091,0.0806112,0.00647147
72,0.013242400000000001,0.614866,0.021109299999999998,0.0219057,0.023966099999999997,0.019318799999999997,0.0268236,0.017690200000000003,0.0174885,0.00848773,0.030766,0.0187178,0.0103868,0.018474,0.026219799999999998,0.015030100000000001,0.0094096,0.015504599999999999,0.020625900000000003,0.0499664
73,0.10322,0.0135531,0.050177,0.0471904,0.00699175,0.136552,0.00900571,0.00638784,0.0490564,0.0119626,0.0196402,0.156069,0.00216403,0.044837199999999994,0.061079999999999995,0.110989,0.15014,0.0042193000000000005,0.0117541,0.00501088
74,0.00516732,0.0830749,0.00619696,0.00895979,0.00514914,0.00382779,0.00605299,0.18629,0.0091742,0.304924,0.0505453,0.00573687,0.00394649,0.022947,0.0188368,0.00290054,0.0301401,0.22773000000000002,0.0120613,0.00633897
75,0.0616164,0.0217929,0.00379427,0.0421473,0.00541248,0.05468390000000001,0.0269483,0.0508139,0.020827500000000002,0.08014389999999999,0.014238399999999998,0.040667400000000006,0.13154100000000002,0.037042,0.0225731,0.045731400000000005,0.147509,0.174728,0.0103918,0.00739538
76,0.0876487,0.017116,0.023025099999999996,0.049567599999999996,0.0226148,0.456833,0.020780200000000002,0.0125397,0.027232999999999997,0.00687422,0.0237893,0.012025,0.00998241,0.033201999999999995,0.0718006,0.00773986,0.00880393,0.0579457,0.031083099999999995,0.0193959
77,0.0104593,0.0480146,0.018711000000000002,0.0332295,0.0242893,0.0832772,0.0161023,0.0163,0.0831604,0.0718846,0.0291236,0.0207967,0.00681056,0.039853,0.0260098,0.00812082,0.0116814,0.08193869999999999,0.346009,0.024227900000000004
78,0.011274,0.026003700000000005,0.0232516,0.012455299999999999,0.0471337,0.0499217,0.0306099,0.046729599999999996,0.015992700000000002,0.405414,0.034458800000000005,0.022856400000000002,0.12284,0.0167361,0.0235835,0.0132821,0.013076599999999999,0.0307642,0.0249046,0.028711599999999997
79,0.00775836,0.0120605,0.010555799999999999,0.0134077,0.051054199999999994,0.00642351,0.013408100000000001,0.206285,0.00702091,0.405787,0.0454577,0.024589700000000003,0.00691951,0.00788481,0.0865087,0.0234515,0.0106443,0.027341200000000003,0.0264495,0.00699289
80,0.09975039999999999,0.013367500000000001,0.0172057,0.049937,0.00937567,0.460859,0.025885500000000002,0.00888973,0.015571200000000002,0.00528811,0.026654700000000003,0.014722999999999998,0.0111541,0.022058900000000003,0.0207315,0.00766356,0.010248100000000001,0.140744,0.025112400000000003,0.0147793
81,0.06624730000000001,0.00981694,0.039411,0.027305700000000002,0.0140702,0.00686016,0.15746500000000002,0.0201392,0.0136675,0.00333596,0.018689700000000004,0.365239,0.00505856,0.0104298,0.018525599999999996,0.159459,0.03222,0.00713563,0.013257699999999999,0.0116676
82,0.00532996,0.0111273,0.012950799999999998,0.018818900000000003,0.0163591,0.00989761,0.213193,0.00918476,0.0173389,0.020464700000000002,0.0191124,0.00797336,0.478987,0.0174906,0.00674904,0.0664956,0.026454400000000003,0.00826788,0.0249298,0.00887486
83,0.039684699999999996,0.05367,0.167769,0.140649,0.013108199999999999,0.00938166,0.00502852,0.0252828,0.0483514,0.015871899999999998,0.0194597,0.0835651,0.00224382,0.0552604,0.00225876,0.017424400000000003,0.058145,0.029419599999999997,0.0614494,0.151977
84,0.0147953,0.417679,0.024224700000000002,0.022291299999999997,0.0504005,0.097111,0.0267423,0.017567,0.0224683,0.00741021,0.0329781,0.0336445,0.014008100000000002,0.0193837,0.0171007,0.020154599999999998,0.0147225,0.0123042,0.08436510000000001,0.050649099999999996
85,0.06020840000000001,0.0682297,0.431892,0.04943959999999999,0.0152381,0.021339,0.0196955,0.0178946,0.0143578,0.00506655,0.0307053,0.08618880000000001,0.00815744,0.0125821,0.00716034,0.0211861,0.028735400000000005,0.00908332,0.025179499999999997,0.06766110000000002
86,0.026871499999999996,0.00323361,0.0230871,0.055244100000000004,0.0619017,0.0119028,0.07131030000000001,0.0539557,0.00325072,0.16272999999999999,0.0823495,0.037194599999999994,0.0281185,0.0118589,0.018684700000000002,0.0458745,0.0401672,0.0354547,0.043402800000000005,0.183407
87,0.057300800000000006,0.0149525,0.020121299999999998,0.02171,0.015393200000000001,0.0187846,0.0108869,0.09712029999999999,0.0303748,0.36649,0.0614566,0.0195848,0.042590499999999996,0.0151941,0.0843233,0.00953859,0.00756193,0.0224357,0.046830300000000005,0.0373496
88,0.0427224,0.00659355,0.0382335,0.13481400000000002,0.0395809,0.00407654,0.10533900000000002,0.100312,0.048560400000000004,0.117097,0.014978100000000001,0.021919499999999998,0.00552028,0.180295,0.00270683,0.00214157,0.0157551,0.0255228,0.0636873,0.030144099999999997
89,0.0611028,0.0018494,0.191692,0.0804145,0.034434,0.172185,0.0962015,0.0135237,0.0174088,0.013947,0.0566217,0.008578200000000001,0.0408929,0.0321129,0.0238606,0.00661841,0.0414051,0.0485198,0.0486359,0.00999636
90,0.0425701,0.00736468,0.0411827,0.125846,0.060089800000000006,0.00949627,0.0201355,0.014496799999999999,0.0448531,0.0347485,0.034123400000000005,0.0460673,0.0123133,0.18541,0.034235,0.056506299999999995,0.029726999999999996,0.06911469999999999,0.022068900000000002,0.109651
91,0.0514221,0.023468700000000002,0.0591156,0.0324933,0.00398816,0.12773800000000002,0.0351309,0.030919299999999997,0.067834,0.0682591,0.045886,0.043347699999999996,0.00563963,0.0381593,0.06788530000000001,0.061490300000000005,0.0939866,0.056844500000000006,0.0689504,0.0174408
92,0.0303142,0.00711931,0.09656580000000001,0.0699022,0.05406319999999999,0.0519543,0.0787496,0.08571619999999999,0.0131471,0.017647,0.0132876,0.0749219,0.0653605,0.0281106,0.0255975,0.0673442,0.117623,0.0440046,0.0350885,0.0234832
93,0.017066099999999997,0.00857768,0.0223815,0.0360519,0.193652,0.0111851,0.020736900000000003,0.08254360000000001,0.103967,0.0346205,0.0219225,0.013918799999999999,0.0111478,0.020351400000000002,0.019807299999999996,0.019697,0.0156906,0.014266,0.296133,0.0362829
94,0.147642,0.0205052,0.011432799999999998,0.027207299999999997,0.031559,0.22536599999999998,0.030786,0.00698065,0.0192417,0.00499597,0.0289728,0.0190835,0.0329619,0.0119319,0.00474825,0.252506,0.0215627,0.00873617,0.051132,0.0426485
95,0.00873936,0.0902559,0.0171773,0.0113355,0.137534,0.00639681,0.0489733,0.0102916,0.0107196,0.00564605,0.0285175,0.056526,0.00564184,0.0121931,0.00749873,0.0475454,0.00984211,0.00616801,0.0279262,0.451071
96,0.00934217,0.09646010000000001,0.019959,0.011164,0.0411111,0.0107986,0.0127678,0.35626599999999997,0.014768,0.0783869,0.0352017,0.07439739999999999,0.00615144,0.010285299999999999,0.00498644,0.0164854,0.0263228,0.137005,0.0254043,0.0127368
97,0.229723,0.0164014,0.0534872,0.0604115,0.0131137,0.0102366,0.0129321,0.0468286,0.0190249,0.032836199999999996,0.0323513,0.009399700000000002,0.0079329,0.0118148,0.0057966,0.00649671,0.00739166,0.37290300000000004,0.0373685,0.013549700000000001
98,0.013082900000000001,0.028375400000000002,0.047513400000000004,0.434079,0.0185844,0.029701099999999998,0.0123073,0.0369236,0.0355684,0.00720518,0.029065800000000003,0.0124164,0.0461662,0.0992594,0.00985396,0.0175741,0.011236200000000002,0.0645888,0.026173000000000002,0.0203259
99,0.194491,0.00556837,0.044076699999999996,0.027524200000000002,0.013562600000000001,0.00217041,0.0845775,0.028673400000000005,0.0606111,0.0334921,0.00652204,0.0418639,0.0414101,0.018970400000000002,0.0806753,0.031147,0.0707031,0.11333299999999999,0.0962082,0.00441927
100,0.0200664,0.00301058,0.198246,0.069673,0.0206766,0.0413211,0.0112411,0.08919830000000001,0.0104964,0.0327282,0.0905599,0.0521104,0.05204690000000001,0.108527,0.027232599999999996,0.0534375,0.035560800000000004,0.0280926,0.00764187,0.0481336
101,0.0631437,0.0368934,0.054261000000000004,0.037764599999999995,0.0683065,0.18984600000000001,0.013890399999999999,0.12224000000000002,0.0363934,0.00632458,0.0208267,0.117173,0.00857858,0.0127973,0.105946,0.038002999999999995,0.011651100000000001,0.021786,0.0252794,0.00889513
102,0.05114369999999999,0.00662146,0.00508379,0.0384112,0.053617599999999994,0.00424765,0.00786398,0.00458415,0.00431721,0.00286479,0.0174611,0.114354,0.21648299999999998,0.0162636,0.00387778,0.130797,0.048135500000000005,0.19082000000000002,0.030623400000000002,0.05243
103,0.06733839999999999,0.07278530000000001,0.22654499999999997,0.10068300000000001,0.043186300000000004,0.0450855,0.08539830000000001,0.0362236,0.06241569999999999,0.0142838,0.020741,0.00574254,0.0264943,0.0123819,0.0473509,0.0020965,0.0547851,0.0252852,0.0424024,0.00877483
104,0.0318564,0.10333800000000001,0.00621636,0.00493797,0.021803799999999998,0.00870699,0.014813499999999999,0.16917000000000001,0.0104958,0.0287612,0.042251,0.042005400000000005,0.00387624,0.0477327,0.0187875,0.0290533,0.012815100000000001,0.010681399999999999,0.336194,0.05650319999999999
105,0.11694700000000001,0.00991464,0.0494386,0.021575900000000002,0.0697276,0.271654,0.059548500000000004,0.010125499999999999,0.00933299,0.00560062,0.016624,0.0460254,0.0318686,0.0124614,0.0415948,0.103974,0.00629826,0.045707300000000006,0.0337719,0.0378099
106,0.12892,0.018157200000000002,0.021965099999999998,0.0453454,0.011248200000000002,0.00572943,0.0051963,0.012921799999999999,0.012887299999999999,0.0157547,0.028721499999999997,0.00918659,0.183238,0.0945433,0.00369955,0.11961300000000001,0.038893300000000006,0.104867,0.022040900000000002,0.11707100000000001
107,0.0157517,0.479833,0.0267935,0.013700899999999998,0.0332092,0.0148708,0.0176592,0.021021900000000003,0.0245533,0.0105304,0.0296341,0.0225499,0.019043599999999997,0.017092,0.0235511,0.0630804,0.014595400000000001,0.0110274,0.0887687,0.05273330000000001
108,0.00817765,0.022944,0.010848100000000001,0.010218600000000001,0.22966599999999998,0.011093,0.03859509999999999,0.014633700000000001,0.0124131,0.042310900000000005,0.0222961,0.0131541,0.0130246,0.013359200000000002,0.00746654,0.00468154,0.045026800000000006,0.00681151,0.20686,0.266419
109,0.0125435,0.031077499999999997,0.0360266,0.0543874,0.0245435,0.0179102,0.025512200000000002,0.0226632,0.0139626,0.059248300000000004,0.03916819999999999,0.022072900000000003,0.49221800000000004,0.038837699999999996,0.00919769,0.019437400000000004,0.029004400000000003,0.015971,0.020154,0.016063499999999998
110,0.00807225,0.033824599999999996,0.023487900000000003,0.100356,0.024931000000000002,0.460711,0.0134249,0.0208384,0.026438200000000002,0.0094164,0.0441157,0.0154083,0.00781503,0.0150086,0.070514,0.00966662,0.0110167,0.052257200000000004,0.0277806,0.0249177
111,0.0282036,0.008804600000000001,0.14726199999999998,0.0744155,0.013077700000000001,0.0844168,0.0211043,0.035610699999999995,0.00770686,0.07346810000000001,0.017504699999999998,0.23701799999999998,0.014503,0.0529965,0.0169078,0.024777900000000002,0.0104287,0.0662184,0.0140142,0.051561
112,0.00667268,0.00893564,0.0320067,0.0261806,0.0749024,0.00501353,0.0388931,0.108749,0.013722799999999999,0.162651,0.018529,0.0139967,0.025592,0.014817700000000001,0.00609003,0.00463676,0.0669529,0.22051700000000002,0.134115,0.0170257
113,0.06436950000000001,0.0561985,0.0164907,0.018812400000000003,0.050300300000000006,0.0848811,0.023585299999999997,0.04468830000000001,0.027817599999999998,0.00144855,0.059488,0.176842,0.00129203,0.0177966,0.0169114,0.0493526,0.044418099999999995,0.0220144,0.050263499999999996,0.173029
114,0.103817,0.013389600000000002,0.29272600000000004,0.0189904,0.015038900000000001,0.0128996,0.09876230000000001,0.009058400000000001,0.0104101,0.188198,0.0206736,0.0371577,0.00595533,0.0893671,0.00515891,0.00567529,0.00913831,0.00863208,0.0179082,0.0370432
115,0.0222581,0.08254600000000001,0.025172,0.00508344,0.0898965,0.034576199999999994,0.019414400000000002,0.12308499999999999,0.0203033,0.0449709,0.0115601,0.036038,0.0351216,0.0390952,0.0231853,0.0946972,0.0599048,0.0150578,0.014846799999999999,0.203188
116,0.132986,0.0146029,0.0448827,0.288985,0.0389575,0.0473279,0.0159353,0.0122977,0.0547913,0.0125146,0.0252197,0.0113624,0.09875,0.0921028,0.010860799999999999,0.0109596,0.00532163,0.053028,0.016998,0.012116
117,0.015769799999999997,0.0148314,0.0212904,0.45213100000000006,0.0169233,0.0201452,0.045741699999999996,0.0451736,0.049633300000000005,0.0110575,0.048056800000000004,0.0267035,0.029888799999999997,0.03516180000000001,0.016349600000000002,0.0277805,0.0311242,0.0152247,0.0550376,0.021975799999999997
118,0.010582600000000001,0.022730700000000003,0.017261000000000002,0.018940099999999998,0.014444499999999999,0.00958064,0.01053,0.0456737,0.015378799999999998,0.570045,0.05594880000000001,0.021762200000000002,0.0554726,0.021446400000000004,0.00963166,0.00818936,0.00917658,0.042804,0.023008,0.017392599999999998
119,0.0135393,0.0212249,0.0111893,0.00822258,0.16476300000000002,0.0138803,0.21315100000000003,0.071778,0.06443099999999999,0.0249873,0.0409977,0.00748368,0.00309873,0.005205899999999999,0.09807060000000001,0.015992600000000003,0.004543600000000001,0.0902778,0.07992039999999999,0.0472415
120,0.015879900000000002,0.0347991,0.0505995,0.42045699999999997,0.0397839,0.0341502,0.019068400000000003,0.023456400000000002,0.0967163,0.0161878,0.03739,0.0336315,0.0125858,0.026110900000000003,0.0141754,0.0166428,0.0142322,0.0162358,0.0409646,0.0369329
121,0.0725155,0.0384271,0.0105061,0.0282728,0.0249604,0.0115693,0.167355,0.0145584,0.050943,0.005837,0.0302769,0.0211042,0.00556169,0.258942,0.125541,0.036374000000000004,0.010820399999999999,0.0191605,0.0313082,0.035966500000000005
122,0.0168649,0.0226183,0.0291786,0.027282799999999996,0.056549699999999994,0.0079252,0.033324900000000005,0.015205000000000002,0.025128900000000003,0.460995,0.0409489,0.0182798,0.0261235,0.0230027,0.0149882,0.0745091,0.0176739,0.032166700000000006,0.0330379,0.0241963
123,0.0103307,0.0336332,0.0240581,0.0204775,0.00572241,0.030668599999999997,0.015723599999999997,0.0490172,0.0210571,0.078791,0.185135,0.0539077,0.00876583,0.0828674,0.027072000000000002,0.0657501,0.08142869999999999,0.0392922,0.00965469,0.156647
124,0.0507566,0.009060799999999999,0.04869419999999999,0.0721555,0.00857282,0.0404601,0.00390975,0.0179243,0.00633879,0.112453,0.024118900000000002,0.00666893,0.012961600000000002,0.2334,0.00282859,0.114816,0.0717797,0.130412,0.027122399999999998,0.00556618
125,0.0370657,0.013522799999999998,0.014383000000000002,0.0106686,0.0988668,0.00438734,0.00878265,0.0467129,0.0119604,0.0651255,0.0221003,0.00802717,0.00534295,0.006694199999999999,0.00386637,0.00856184,0.43405600000000005,0.163956,0.022867500000000002,0.013050799999999998
126,0.060873000000000003,0.0271696,0.0187433,0.00721554,0.164365,0.0352755,0.010421099999999999,0.0645834,0.0869528,0.047455199999999996,0.0140874,0.044203,0.024954,0.11718599999999998,0.0028491999999999996,0.08979329999999999,0.122512,0.0148095,0.0279387,0.0186128
127,0.074292,0.00753168,0.00565471,0.0732197,0.00608799,0.034848800000000006,0.0843927,0.0057769,0.031777099999999996,0.11558399999999999,0.054565800000000005,0.0366623,0.018152900000000003,0.155345,0.090639,0.049459300000000005,0.0578077,0.0387765,0.0151054,0.044320099999999994
128,0.012870699999999999,0.0313928,0.0109152,0.0127354,0.034659300000000004,0.0825268,0.011767,0.123993,0.015967,0.19745,0.158874,0.00895972,0.008812899999999999,0.0107084,0.0057643,0.06673079999999999,0.143023,0.0177822,0.035898599999999996,0.00916829
129,0.016931799999999997,0.0136221,0.12368699999999999,0.171476,0.0090148,0.0310399,0.060656299999999996,0.057405899999999996,0.09271030000000001,0.036425099999999995,0.0908666,0.014907299999999998,0.00713648,0.0451869,0.00541931,0.00373353,0.0511048,0.12959600000000002,0.0261688,0.01291
130,0.0191407,0.0430738,0.025239599999999997,0.0323032,0.038724800000000004,0.0312874,0.0349495,0.0508556,0.05194159999999999,0.012836799999999999,0.0528851,0.038148,0.013873400000000001,0.0265487,0.413067,0.0210312,0.0142756,0.023817500000000002,0.0310161,0.024984400000000004
131,0.0254011,0.0258844,0.0277635,0.019358900000000002,0.394423,0.020116400000000003,0.0288707,0.0187811,0.0456883,0.051943100000000006,0.043628,0.0229689,0.0320473,0.0334657,0.0162244,0.0636982,0.0142753,0.0219174,0.0544936,0.0390504
132,0.09044060000000001,0.0359057,0.011301299999999998,0.22156900000000002,0.032041700000000006,0.0374942,0.014306600000000001,0.0142154,0.141789,0.0588569,0.0298013,0.028524599999999997,0.00989196,0.0257003,0.00997623,0.00846311,0.145929,0.0209947,0.038564999999999995,0.0242332
133,0.028708400000000002,0.051770800000000006,0.0335849,0.035372,0.0151494,0.015547899999999998,0.0212099,0.233996,0.0380406,0.029195,0.26164,0.021340599999999998,0.015336700000000002,0.021159400000000002,0.00841784,0.010184799999999999,0.028526099999999995,0.049665,0.036216399999999996,0.0449374
134,0.021123199999999998,0.0316416,0.021225499999999998,0.0229948,0.42048,0.0131416,0.0274935,0.0966371,0.024423300000000002,0.026096699999999997,0.0421059,0.028960000000000003,0.013692300000000001,0.023102,0.011759100000000001,0.04742469999999999,0.0162061,0.023481099999999998,0.0436343,0.0443774
135,0.131642,0.00543422,0.388868,0.060167700000000005,0.0276197,0.031616399999999996,0.017023,0.00708917,0.00412723,0.00654768,0.0196902,0.08861430000000001,0.108395,0.0379844,0.00136615,0.020043099999999998,0.00420643,0.011876000000000001,0.0222728,0.00541625
136,0.130435,0.0301844,0.00319863,0.145559,0.0595939,0.0345407,0.00314567,0.028583499999999998,0.0729607,0.046944,0.0289413,0.00348221,0.040722900000000006,0.00511224,0.015143700000000001,0.0876572,0.020604400000000002,0.125908,0.0682512,0.0490315
137,0.10724000000000002,0.00452443,0.143278,0.138577,0.00376949,0.073543,0.00300483,0.014015600000000001,0.0188584,0.014540700000000002,0.0580943,0.00503264,0.017034900000000002,0.00428125,0.00174186,0.083925,0.109213,0.040782599999999995,0.12150899999999999,0.0370335
138,0.108247,0.023583,0.0505329,0.013684899999999998,0.0564653,0.12781700000000001,0.05601130000000001,0.125993,0.00335723,0.031491700000000004,0.0600523,0.01645,0.0318483,0.014368,0.007902600000000001,0.0835862,0.058886400000000005,0.06292959999999999,0.0305629,0.0362298
139,0.272023,0.00394533,0.00434149,0.00283201,0.0599629,0.0408234,0.012849600000000001,0.0232864,0.030136700000000002,0.00998832,0.0473736,0.06668589999999999,0.00519419,0.0873842,0.0206362,0.0820209,0.116069,0.013424,0.0323925,0.0686303
140,0.00673,0.047112400000000006,0.0131173,0.0110005,0.0987449,0.0172736,0.05599540000000001,0.00635932,0.014165700000000002,0.014697700000000001,0.124047,0.0134951,0.00500006,0.00840848,0.0136221,0.00352017,0.00536402,0.00776685,0.279523,0.25405700000000003
141,0.014391299999999997,0.00765565,0.0373319,0.0237935,0.118354,0.045781999999999996,0.010522799999999999,0.0413227,0.0162916,0.0208561,0.148002,0.0628461,0.142072,0.0624544,0.00795181,0.0386261,0.140928,0.0444671,0.0100358,0.00631569
142,0.010566899999999999,0.0160165,0.0403753,0.018415400000000002,0.011373600000000001,0.00947619,0.06717569999999999,0.0451141,0.0196253,0.00614754,0.0216382,0.56284,0.00782537,0.0122875,0.00563211,0.0656376,0.00413819,0.00721872,0.022697,0.0457977
143,0.00188392,0.00389258,0.0414541,0.00274139,0.17018599999999998,0.00173689,0.0809893,0.00373647,0.00510525,0.0160043,0.0622144,0.194234,0.00100092,0.043123800000000004,0.00872703,0.125564,0.0355459,0.025864099999999998,0.00763764,0.168357
144,0.0345569,0.0162624,0.016153999999999998,0.0115367,0.0581898,0.256983,0.011523299999999998,0.0713918,0.0572535,0.00473864,0.0228623,0.00854445,0.00773035,0.013364500000000001,0.0170673,0.00419599,0.350263,0.00504061,0.0200468,0.0122944
145,0.0344716,0.0102825,0.26498499999999997,0.217625,0.07053519999999999,0.0210291,0.022443099999999997,0.0291185,0.00245508,0.0139255,0.0378005,0.0707745,0.000955696,0.0654703,0.000741001,0.00902991,0.00912885,0.015659,0.05555,0.0480193
146,0.023358900000000002,0.00804945,0.0747297,0.143038,0.129228,0.0101147,0.0732637,0.014230100000000002,0.0190508,0.0361961,0.06455359999999999,0.041455,0.009914399999999999,0.071815,0.050197900000000004,0.011307799999999998,0.012195200000000002,0.127942,0.00272872,0.0766303
147,0.0948778,0.0154214,0.140903,0.0214949,0.056324599999999996,0.105465,0.00615686,0.00542116,0.047136000000000004,0.0820615,0.0413545,0.05796080000000001,0.0212856,0.00591895,0.030825099999999998,0.00971164,0.050995599999999995,0.05261180000000001,0.116647,0.0374267
148,0.0788908,0.00176246,0.0268637,0.052534000000000004,0.019123599999999998,0.0291315,0.0195318,0.16075799999999998,0.0233912,0.0388421,0.0118309,0.00262159,0.0231894,0.012844299999999998,0.00545551,0.16711199999999998,0.24968200000000002,0.0418266,0.0183376,0.0162717
149,0.0121569,0.0140238,0.00910404,0.0134767,0.00511811,0.00437642,0.10397200000000001,0.0708508,0.0172598,0.00853969,0.0337888,0.0244796,0.0505043,0.00842764,0.012826400000000002,0.37316,0.11674100000000001,0.013046799999999999,0.0477645,0.0603821
150,0.204215,0.00216443,0.00266061,0.00501263,0.045446,0.08030060000000001,0.0178183,0.014140600000000001,0.00221079,0.0628552,0.0324682,0.0421518,0.0082101,0.0767408,0.00077901,0.145607,0.1464,0.031148900000000004,0.0137892,0.06587910000000001
151,0.00296243,0.07452,0.056100699999999996,0.0675962,0.0704186,0.0391449,0.0222708,0.00738121,0.07730980000000001,0.110981,0.142809,0.0206097,0.011181700000000001,0.00686703,0.045639400000000004,0.108855,0.07645729999999999,0.020400099999999997,0.0148493,0.0236463
